0 10
0 1
0 2
0 3
0 4
0 5
0 6
0 7
0 8
0 9
10 20
10 11
10 12
10 13
10 14
10 15
10 16
10 17
10 18
10 19
20 30
20 21
20 22
20 23
20 24
20 25
20 26
20 27
20 28
20 29
30 40
30 31
30 32
30 33
30 34
30 35
30 36
30 37
30 38
30 39
40 50
40 41
40 42
40 43
40 44
40 45
40 46
40 47
40 48
40 49
50 60
50 51
50 52
50 53
50 54
50 55
50 56
50 57
50 58
50 59
60 70
60 61
60 62
60 63
60 64
60 65
60 66
60 67
60 68
60 69
70 80
70 71
70 72
70 73
70 74
70 75
70 76
70 77
70 78
70 79
80 90
80 81
80 82
80 83
80 84
80 85
80 86
80 87
80 88
80 89
90 100
90 91
90 92
90 93
90 94
90 95
90 96
90 97
90 98
90 99
100 110
100 101
100 102
100 103
100 104
100 105
100 106
100 107
100 108
100 109
110 120
110 111
110 112
110 113
110 114
110 115
110 116
110 117
110 118
110 119
120 130
120 121
120 122
120 123
120 124
120 125
120 126
120 127
120 128
120 129
130 140
130 131
130 132
130 133
130 134
130 135
130 136
130 137
130 138
130 139
140 150
140 141
140 142
140 143
140 144
140 145
140 146
140 147
140 148
140 149
150 160
150 151
150 152
150 153
150 154
150 155
150 156
150 157
150 158
150 159
160 170
160 161
160 162
160 163
160 164
160 165
160 166
160 167
160 168
160 169
170 180
170 171
170 172
170 173
170 174
170 175
170 176
170 177
170 178
170 179
180 190
180 181
180 182
180 183
180 184
180 185
180 186
180 187
180 188
180 189
190 200
190 191
190 192
190 193
190 194
190 195
190 196
190 197
190 198
190 199
200 210
200 201
200 202
200 203
200 204
200 205
200 206
200 207
200 208
200 209
210 220
210 211
210 212
210 213
210 214
210 215
210 216
210 217
210 218
210 219
220 230
220 221
220 222
220 223
220 224
220 225
220 226
220 227
220 228
220 229
230 240
230 231
230 232
230 233
230 234
230 235
230 236
230 237
230 238
230 239
240 250
240 241
240 242
240 243
240 244
240 245
240 246
240 247
240 248
240 249
250 260
250 251
250 252
250 253
250 254
250 255
250 256
250 257
250 258
250 259
260 270
260 261
260 262
260 263
260 264
260 265
260 266
260 267
260 268
260 269
270 280
270 271
270 272
270 273
270 274
270 275
270 276
270 277
270 278
270 279
280 290
280 281
280 282
280 283
280 284
280 285
280 286
280 287
280 288
280 289
290 300
290 291
290 292
290 293
290 294
290 295
290 296
290 297
290 298
290 299
300 310
300 301
300 302
300 303
300 304
300 305
300 306
300 307
300 308
300 309
310 320
310 311
310 312
310 313
310 314
310 315
310 316
310 317
310 318
310 319
320 330
320 321
320 322
320 323
320 324
320 325
320 326
320 327
320 328
320 329
330 340
330 331
330 332
330 333
330 334
330 335
330 336
330 337
330 338
330 339
340 350
340 341
340 342
340 343
340 344
340 345
340 346
340 347
340 348
340 349
350 360
350 351
350 352
350 353
350 354
350 355
350 356
350 357
350 358
350 359
360 370
360 361
360 362
360 363
360 364
360 365
360 366
360 367
360 368
360 369
370 380
370 371
370 372
370 373
370 374
370 375
370 376
370 377
370 378
370 379
380 390
380 381
380 382
380 383
380 384
380 385
380 386
380 387
380 388
380 389
390 400
390 391
390 392
390 393
390 394
390 395
390 396
390 397
390 398
390 399
400 410
400 401
400 402
400 403
400 404
400 405
400 406
400 407
400 408
400 409
410 420
410 411
410 412
410 413
410 414
410 415
410 416
410 417
410 418
410 419
420 430
420 421
420 422
420 423
420 424
420 425
420 426
420 427
420 428
420 429
430 440
430 431
430 432
430 433
430 434
430 435
430 436
430 437
430 438
430 439
440 450
440 441
440 442
440 443
440 444
440 445
440 446
440 447
440 448
440 449
450 460
450 451
450 452
450 453
450 454
450 455
450 456
450 457
450 458
450 459
460 470
460 461
460 462
460 463
460 464
460 465
460 466
460 467
460 468
460 469
470 480
470 471
470 472
470 473
470 474
470 475
470 476
470 477
470 478
470 479
480 490
480 481
480 482
480 483
480 484
480 485
480 486
480 487
480 488
480 489
490 500
490 491
490 492
490 493
490 494
490 495
490 496
490 497
490 498
490 499
500 510
500 501
500 502
500 503
500 504
500 505
500 506
500 507
500 508
500 509
510 520
510 511
510 512
510 513
510 514
510 515
510 516
510 517
510 518
510 519
520 530
520 521
520 522
520 523
520 524
520 525
520 526
520 527
520 528
520 529
530 540
530 531
530 532
530 533
530 534
530 535
530 536
530 537
530 538
530 539
540 550
540 541
540 542
540 543
540 544
540 545
540 546
540 547
540 548
540 549
550 560
550 551
550 552
550 553
550 554
550 555
550 556
550 557
550 558
550 559
560 570
560 561
560 562
560 563
560 564
560 565
560 566
560 567
560 568
560 569
570 580
570 571
570 572
570 573
570 574
570 575
570 576
570 577
570 578
570 579
580 590
580 581
580 582
580 583
580 584
580 585
580 586
580 587
580 588
580 589
590 600
590 591
590 592
590 593
590 594
590 595
590 596
590 597
590 598
590 599
600 610
600 601
600 602
600 603
600 604
600 605
600 606
600 607
600 608
600 609
610 620
610 611
610 612
610 613
610 614
610 615
610 616
610 617
610 618
610 619
620 630
620 621
620 622
620 623
620 624
620 625
620 626
620 627
620 628
620 629
630 640
630 631
630 632
630 633
630 634
630 635
630 636
630 637
630 638
630 639
640 650
640 641
640 642
640 643
640 644
640 645
640 646
640 647
640 648
640 649
650 660
650 651
650 652
650 653
650 654
650 655
650 656
650 657
650 658
650 659
660 670
660 661
660 662
660 663
660 664
660 665
660 666
660 667
660 668
660 669
670 680
670 671
670 672
670 673
670 674
670 675
670 676
670 677
670 678
670 679
680 690
680 681
680 682
680 683
680 684
680 685
680 686
680 687
680 688
680 689
690 700
690 691
690 692
690 693
690 694
690 695
690 696
690 697
690 698
690 699
700 710
700 701
700 702
700 703
700 704
700 705
700 706
700 707
700 708
700 709
710 720
710 711
710 712
710 713
710 714
710 715
710 716
710 717
710 718
710 719
720 730
720 721
720 722
720 723
720 724
720 725
720 726
720 727
720 728
720 729
730 740
730 731
730 732
730 733
730 734
730 735
730 736
730 737
730 738
730 739
740 750
740 741
740 742
740 743
740 744
740 745
740 746
740 747
740 748
740 749
750 760
750 751
750 752
750 753
750 754
750 755
750 756
750 757
750 758
750 759
760 770
760 761
760 762
760 763
760 764
760 765
760 766
760 767
760 768
760 769
770 780
770 771
770 772
770 773
770 774
770 775
770 776
770 777
770 778
770 779
780 790
780 781
780 782
780 783
780 784
780 785
780 786
780 787
780 788
780 789
790 800
790 791
790 792
790 793
790 794
790 795
790 796
790 797
790 798
790 799
800 810
800 801
800 802
800 803
800 804
800 805
800 806
800 807
800 808
800 809
810 820
810 811
810 812
810 813
810 814
810 815
810 816
810 817
810 818
810 819
820 830
820 821
820 822
820 823
820 824
820 825
820 826
820 827
820 828
820 829
830 840
830 831
830 832
830 833
830 834
830 835
830 836
830 837
830 838
830 839
840 850
840 841
840 842
840 843
840 844
840 845
840 846
840 847
840 848
840 849
850 860
850 851
850 852
850 853
850 854
850 855
850 856
850 857
850 858
850 859
860 870
860 861
860 862
860 863
860 864
860 865
860 866
860 867
860 868
860 869
870 880
870 871
870 872
870 873
870 874
870 875
870 876
870 877
870 878
870 879
880 890
880 881
880 882
880 883
880 884
880 885
880 886
880 887
880 888
880 889
890 900
890 891
890 892
890 893
890 894
890 895
890 896
890 897
890 898
890 899
900 910
900 901
900 902
900 903
900 904
900 905
900 906
900 907
900 908
900 909
910 920
910 911
910 912
910 913
910 914
910 915
910 916
910 917
910 918
910 919
920 930
920 921
920 922
920 923
920 924
920 925
920 926
920 927
920 928
920 929
930 940
930 931
930 932
930 933
930 934
930 935
930 936
930 937
930 938
930 939
940 950
940 941
940 942
940 943
940 944
940 945
940 946
940 947
940 948
940 949
950 960
950 951
950 952
950 953
950 954
950 955
950 956
950 957
950 958
950 959
960 970
960 961
960 962
960 963
960 964
960 965
960 966
960 967
960 968
960 969
970 980
970 971
970 972
970 973
970 974
970 975
970 976
970 977
970 978
970 979
980 990
980 981
980 982
980 983
980 984
980 985
980 986
980 987
980 988
980 989
990 1000
990 991
990 992
990 993
990 994
990 995
990 996
990 997
990 998
990 999
1000 1010
1000 1001
1000 1002
1000 1003
1000 1004
1000 1005
1000 1006
1000 1007
1000 1008
1000 1009
1010 1020
1010 1011
1010 1012
1010 1013
1010 1014
1010 1015
1010 1016
1010 1017
1010 1018
1010 1019
1020 1030
1020 1021
1020 1022
1020 1023
1020 1024
1020 1025
1020 1026
1020 1027
1020 1028
1020 1029
1030 1040
1030 1031
1030 1032
1030 1033
1030 1034
1030 1035
1030 1036
1030 1037
1030 1038
1030 1039
1040 1050
1040 1041
1040 1042
1040 1043
1040 1044
1040 1045
1040 1046
1040 1047
1040 1048
1040 1049
1050 1060
1050 1051
1050 1052
1050 1053
1050 1054
1050 1055
1050 1056
1050 1057
1050 1058
1050 1059
1060 1070
1060 1061
1060 1062
1060 1063
1060 1064
1060 1065
1060 1066
1060 1067
1060 1068
1060 1069
1070 1080
1070 1071
1070 1072
1070 1073
1070 1074
1070 1075
1070 1076
1070 1077
1070 1078
1070 1079
1080 1090
1080 1081
1080 1082
1080 1083
1080 1084
1080 1085
1080 1086
1080 1087
1080 1088
1080 1089
1090 1100
1090 1091
1090 1092
1090 1093
1090 1094
1090 1095
1090 1096
1090 1097
1090 1098
1090 1099
1100 1110
1100 1101
1100 1102
1100 1103
1100 1104
1100 1105
1100 1106
1100 1107
1100 1108
1100 1109
1110 1120
1110 1111
1110 1112
1110 1113
1110 1114
1110 1115
1110 1116
1110 1117
1110 1118
1110 1119
1120 1130
1120 1121
1120 1122
1120 1123
1120 1124
1120 1125
1120 1126
1120 1127
1120 1128
1120 1129
1130 1140
1130 1131
1130 1132
1130 1133
1130 1134
1130 1135
1130 1136
1130 1137
1130 1138
1130 1139
1140 1150
1140 1141
1140 1142
1140 1143
1140 1144
1140 1145
1140 1146
1140 1147
1140 1148
1140 1149
1150 1160
1150 1151
1150 1152
1150 1153
1150 1154
1150 1155
1150 1156
1150 1157
1150 1158
1150 1159
1160 1170
1160 1161
1160 1162
1160 1163
1160 1164
1160 1165
1160 1166
1160 1167
1160 1168
1160 1169
1170 1180
1170 1171
1170 1172
1170 1173
1170 1174
1170 1175
1170 1176
1170 1177
1170 1178
1170 1179
1180 1190
1180 1181
1180 1182
1180 1183
1180 1184
1180 1185
1180 1186
1180 1187
1180 1188
1180 1189
1190 1200
1190 1191
1190 1192
1190 1193
1190 1194
1190 1195
1190 1196
1190 1197
1190 1198
1190 1199
1200 1210
1200 1201
1200 1202
1200 1203
1200 1204
1200 1205
1200 1206
1200 1207
1200 1208
1200 1209
1210 1220
1210 1211
1210 1212
1210 1213
1210 1214
1210 1215
1210 1216
1210 1217
1210 1218
1210 1219
1220 1230
1220 1221
1220 1222
1220 1223
1220 1224
1220 1225
1220 1226
1220 1227
1220 1228
1220 1229
1230 1240
1230 1231
1230 1232
1230 1233
1230 1234
1230 1235
1230 1236
1230 1237
1230 1238
1230 1239
1240 1250
1240 1241
1240 1242
1240 1243
1240 1244
1240 1245
1240 1246
1240 1247
1240 1248
1240 1249
1250 1260
1250 1251
1250 1252
1250 1253
1250 1254
1250 1255
1250 1256
1250 1257
1250 1258
1250 1259
1260 1270
1260 1261
1260 1262
1260 1263
1260 1264
1260 1265
1260 1266
1260 1267
1260 1268
1260 1269
1270 1280
1270 1271
1270 1272
1270 1273
1270 1274
1270 1275
1270 1276
1270 1277
1270 1278
1270 1279
1280 1290
1280 1281
1280 1282
1280 1283
1280 1284
1280 1285
1280 1286
1280 1287
1280 1288
1280 1289
1290 1300
1290 1291
1290 1292
1290 1293
1290 1294
1290 1295
1290 1296
1290 1297
1290 1298
1290 1299
1300 1310
1300 1301
1300 1302
1300 1303
1300 1304
1300 1305
1300 1306
1300 1307
1300 1308
1300 1309
1310 1320
1310 1311
1310 1312
1310 1313
1310 1314
1310 1315
1310 1316
1310 1317
1310 1318
1310 1319
1320 1330
1320 1321
1320 1322
1320 1323
1320 1324
1320 1325
1320 1326
1320 1327
1320 1328
1320 1329
1330 1340
1330 1331
1330 1332
1330 1333
1330 1334
1330 1335
1330 1336
1330 1337
1330 1338
1330 1339
1340 1350
1340 1341
1340 1342
1340 1343
1340 1344
1340 1345
1340 1346
1340 1347
1340 1348
1340 1349
1350 1360
1350 1351
1350 1352
1350 1353
1350 1354
1350 1355
1350 1356
1350 1357
1350 1358
1350 1359
1360 1370
1360 1361
1360 1362
1360 1363
1360 1364
1360 1365
1360 1366
1360 1367
1360 1368
1360 1369
1370 1380
1370 1371
1370 1372
1370 1373
1370 1374
1370 1375
1370 1376
1370 1377
1370 1378
1370 1379
1380 1390
1380 1381
1380 1382
1380 1383
1380 1384
1380 1385
1380 1386
1380 1387
1380 1388
1380 1389
1390 1400
1390 1391
1390 1392
1390 1393
1390 1394
1390 1395
1390 1396
1390 1397
1390 1398
1390 1399
1400 1410
1400 1401
1400 1402
1400 1403
1400 1404
1400 1405
1400 1406
1400 1407
1400 1408
1400 1409
1410 1420
1410 1411
1410 1412
1410 1413
1410 1414
1410 1415
1410 1416
1410 1417
1410 1418
1410 1419
1420 1430
1420 1421
1420 1422
1420 1423
1420 1424
1420 1425
1420 1426
1420 1427
1420 1428
1420 1429
1430 1440
1430 1431
1430 1432
1430 1433
1430 1434
1430 1435
1430 1436
1430 1437
1430 1438
1430 1439
1440 1450
1440 1441
1440 1442
1440 1443
1440 1444
1440 1445
1440 1446
1440 1447
1440 1448
1440 1449
1450 1460
1450 1451
1450 1452
1450 1453
1450 1454
1450 1455
1450 1456
1450 1457
1450 1458
1450 1459
1460 1470
1460 1461
1460 1462
1460 1463
1460 1464
1460 1465
1460 1466
1460 1467
1460 1468
1460 1469
1470 1480
1470 1471
1470 1472
1470 1473
1470 1474
1470 1475
1470 1476
1470 1477
1470 1478
1470 1479
1480 1490
1480 1481
1480 1482
1480 1483
1480 1484
1480 1485
1480 1486
1480 1487
1480 1488
1480 1489
1490 1500
1490 1491
1490 1492
1490 1493
1490 1494
1490 1495
1490 1496
1490 1497
1490 1498
1490 1499
1500 1510
1500 1501
1500 1502
1500 1503
1500 1504
1500 1505
1500 1506
1500 1507
1500 1508
1500 1509
1510 1520
1510 1511
1510 1512
1510 1513
1510 1514
1510 1515
1510 1516
1510 1517
1510 1518
1510 1519
1520 1530
1520 1521
1520 1522
1520 1523
1520 1524
1520 1525
1520 1526
1520 1527
1520 1528
1520 1529
1530 1540
1530 1531
1530 1532
1530 1533
1530 1534
1530 1535
1530 1536
1530 1537
1530 1538
1530 1539
1540 1550
1540 1541
1540 1542
1540 1543
1540 1544
1540 1545
1540 1546
1540 1547
1540 1548
1540 1549
1550 1560
1550 1551
1550 1552
1550 1553
1550 1554
1550 1555
1550 1556
1550 1557
1550 1558
1550 1559
1560 1570
1560 1561
1560 1562
1560 1563
1560 1564
1560 1565
1560 1566
1560 1567
1560 1568
1560 1569
1570 1580
1570 1571
1570 1572
1570 1573
1570 1574
1570 1575
1570 1576
1570 1577
1570 1578
1570 1579
1580 1590
1580 1581
1580 1582
1580 1583
1580 1584
1580 1585
1580 1586
1580 1587
1580 1588
1580 1589
1590 1600
1590 1591
1590 1592
1590 1593
1590 1594
1590 1595
1590 1596
1590 1597
1590 1598
1590 1599
1600 1610
1600 1601
1600 1602
1600 1603
1600 1604
1600 1605
1600 1606
1600 1607
1600 1608
1600 1609
1610 1620
1610 1611
1610 1612
1610 1613
1610 1614
1610 1615
1610 1616
1610 1617
1610 1618
1610 1619
1620 1630
1620 1621
1620 1622
1620 1623
1620 1624
1620 1625
1620 1626
1620 1627
1620 1628
1620 1629
1630 1640
1630 1631
1630 1632
1630 1633
1630 1634
1630 1635
1630 1636
1630 1637
1630 1638
1630 1639
1640 1650
1640 1641
1640 1642
1640 1643
1640 1644
1640 1645
1640 1646
1640 1647
1640 1648
1640 1649
1650 1660
1650 1651
1650 1652
1650 1653
1650 1654
1650 1655
1650 1656
1650 1657
1650 1658
1650 1659
1660 1670
1660 1661
1660 1662
1660 1663
1660 1664
1660 1665
1660 1666
1660 1667
1660 1668
1660 1669
1670 1680
1670 1671
1670 1672
1670 1673
1670 1674
1670 1675
1670 1676
1670 1677
1670 1678
1670 1679
1680 1690
1680 1681
1680 1682
1680 1683
1680 1684
1680 1685
1680 1686
1680 1687
1680 1688
1680 1689
1690 1700
1690 1691
1690 1692
1690 1693
1690 1694
1690 1695
1690 1696
1690 1697
1690 1698
1690 1699
1700 1710
1700 1701
1700 1702
1700 1703
1700 1704
1700 1705
1700 1706
1700 1707
1700 1708
1700 1709
1710 1720
1710 1711
1710 1712
1710 1713
1710 1714
1710 1715
1710 1716
1710 1717
1710 1718
1710 1719
1720 1730
1720 1721
1720 1722
1720 1723
1720 1724
1720 1725
1720 1726
1720 1727
1720 1728
1720 1729
1730 1740
1730 1731
1730 1732
1730 1733
1730 1734
1730 1735
1730 1736
1730 1737
1730 1738
1730 1739
1740 1750
1740 1741
1740 1742
1740 1743
1740 1744
1740 1745
1740 1746
1740 1747
1740 1748
1740 1749
1750 1760
1750 1751
1750 1752
1750 1753
1750 1754
1750 1755
1750 1756
1750 1757
1750 1758
1750 1759
1760 1770
1760 1761
1760 1762
1760 1763
1760 1764
1760 1765
1760 1766
1760 1767
1760 1768
1760 1769
1770 1780
1770 1771
1770 1772
1770 1773
1770 1774
1770 1775
1770 1776
1770 1777
1770 1778
1770 1779
1780 1790
1780 1781
1780 1782
1780 1783
1780 1784
1780 1785
1780 1786
1780 1787
1780 1788
1780 1789
1790 1800
1790 1791
1790 1792
1790 1793
1790 1794
1790 1795
1790 1796
1790 1797
1790 1798
1790 1799
1800 1810
1800 1801
1800 1802
1800 1803
1800 1804
1800 1805
1800 1806
1800 1807
1800 1808
1800 1809
1810 1820
1810 1811
1810 1812
1810 1813
1810 1814
1810 1815
1810 1816
1810 1817
1810 1818
1810 1819
1820 1830
1820 1821
1820 1822
1820 1823
1820 1824
1820 1825
1820 1826
1820 1827
1820 1828
1820 1829
1830 1840
1830 1831
1830 1832
1830 1833
1830 1834
1830 1835
1830 1836
1830 1837
1830 1838
1830 1839
1840 1850
1840 1841
1840 1842
1840 1843
1840 1844
1840 1845
1840 1846
1840 1847
1840 1848
1840 1849
1850 1860
1850 1851
1850 1852
1850 1853
1850 1854
1850 1855
1850 1856
1850 1857
1850 1858
1850 1859
1860 1870
1860 1861
1860 1862
1860 1863
1860 1864
1860 1865
1860 1866
1860 1867
1860 1868
1860 1869
1870 1880
1870 1871
1870 1872
1870 1873
1870 1874
1870 1875
1870 1876
1870 1877
1870 1878
1870 1879
1880 1890
1880 1881
1880 1882
1880 1883
1880 1884
1880 1885
1880 1886
1880 1887
1880 1888
1880 1889
1890 1900
1890 1891
1890 1892
1890 1893
1890 1894
1890 1895
1890 1896
1890 1897
1890 1898
1890 1899
1900 1910
1900 1901
1900 1902
1900 1903
1900 1904
1900 1905
1900 1906
1900 1907
1900 1908
1900 1909
1910 1920
1910 1911
1910 1912
1910 1913
1910 1914
1910 1915
1910 1916
1910 1917
1910 1918
1910 1919
1920 1930
1920 1921
1920 1922
1920 1923
1920 1924
1920 1925
1920 1926
1920 1927
1920 1928
1920 1929
1930 1940
1930 1931
1930 1932
1930 1933
1930 1934
1930 1935
1930 1936
1930 1937
1930 1938
1930 1939
1940 1950
1940 1941
1940 1942
1940 1943
1940 1944
1940 1945
1940 1946
1940 1947
1940 1948
1940 1949
1950 1960
1950 1951
1950 1952
1950 1953
1950 1954
1950 1955
1950 1956
1950 1957
1950 1958
1950 1959
1960 1970
1960 1961
1960 1962
1960 1963
1960 1964
1960 1965
1960 1966
1960 1967
1960 1968
1960 1969
1970 1980
1970 1971
1970 1972
1970 1973
1970 1974
1970 1975
1970 1976
1970 1977
1970 1978
1970 1979
1980 1990
1980 1981
1980 1982
1980 1983
1980 1984
1980 1985
1980 1986
1980 1987
1980 1988
1980 1989
1990 2000
1990 1991
1990 1992
1990 1993
1990 1994
1990 1995
1990 1996
1990 1997
1990 1998
1990 1999
2000 2010
2000 2001
2000 2002
2000 2003
2000 2004
2000 2005
2000 2006
2000 2007
2000 2008
2000 2009
2010 2020
2010 2011
2010 2012
2010 2013
2010 2014
2010 2015
2010 2016
2010 2017
2010 2018
2010 2019
2020 2030
2020 2021
2020 2022
2020 2023
2020 2024
2020 2025
2020 2026
2020 2027
2020 2028
2020 2029
2030 2040
2030 2031
2030 2032
2030 2033
2030 2034
2030 2035
2030 2036
2030 2037
2030 2038
2030 2039
2040 2050
2040 2041
2040 2042
2040 2043
2040 2044
2040 2045
2040 2046
2040 2047
2040 2048
2040 2049
2050 2060
2050 2051
2050 2052
2050 2053
2050 2054
2050 2055
2050 2056
2050 2057
2050 2058
2050 2059
2060 2070
2060 2061
2060 2062
2060 2063
2060 2064
2060 2065
2060 2066
2060 2067
2060 2068
2060 2069
2070 2080
2070 2071
2070 2072
2070 2073
2070 2074
2070 2075
2070 2076
2070 2077
2070 2078
2070 2079
2080 2090
2080 2081
2080 2082
2080 2083
2080 2084
2080 2085
2080 2086
2080 2087
2080 2088
2080 2089
2090 2100
2090 2091
2090 2092
2090 2093
2090 2094
2090 2095
2090 2096
2090 2097
2090 2098
2090 2099
2100 2110
2100 2101
2100 2102
2100 2103
2100 2104
2100 2105
2100 2106
2100 2107
2100 2108
2100 2109
2110 2120
2110 2111
2110 2112
2110 2113
2110 2114
2110 2115
2110 2116
2110 2117
2110 2118
2110 2119
2120 2130
2120 2121
2120 2122
2120 2123
2120 2124
2120 2125
2120 2126
2120 2127
2120 2128
2120 2129
2130 2140
2130 2131
2130 2132
2130 2133
2130 2134
2130 2135
2130 2136
2130 2137
2130 2138
2130 2139
2140 2150
2140 2141
2140 2142
2140 2143
2140 2144
2140 2145
2140 2146
2140 2147
2140 2148
2140 2149
2150 2160
2150 2151
2150 2152
2150 2153
2150 2154
2150 2155
2150 2156
2150 2157
2150 2158
2150 2159
2160 2170
2160 2161
2160 2162
2160 2163
2160 2164
2160 2165
2160 2166
2160 2167
2160 2168
2160 2169
2170 2180
2170 2171
2170 2172
2170 2173
2170 2174
2170 2175
2170 2176
2170 2177
2170 2178
2170 2179
2180 2190
2180 2181
2180 2182
2180 2183
2180 2184
2180 2185
2180 2186
2180 2187
2180 2188
2180 2189
2190 2200
2190 2191
2190 2192
2190 2193
2190 2194
2190 2195
2190 2196
2190 2197
2190 2198
2190 2199
2200 2210
2200 2201
2200 2202
2200 2203
2200 2204
2200 2205
2200 2206
2200 2207
2200 2208
2200 2209
2210 2220
2210 2211
2210 2212
2210 2213
2210 2214
2210 2215
2210 2216
2210 2217
2210 2218
2210 2219
2220 2230
2220 2221
2220 2222
2220 2223
2220 2224
2220 2225
2220 2226
2220 2227
2220 2228
2220 2229
2230 2240
2230 2231
2230 2232
2230 2233
2230 2234
2230 2235
2230 2236
2230 2237
2230 2238
2230 2239
2240 2250
2240 2241
2240 2242
2240 2243
2240 2244
2240 2245
2240 2246
2240 2247
2240 2248
2240 2249
2250 2260
2250 2251
2250 2252
2250 2253
2250 2254
2250 2255
2250 2256
2250 2257
2250 2258
2250 2259
2260 2270
2260 2261
2260 2262
2260 2263
2260 2264
2260 2265
2260 2266
2260 2267
2260 2268
2260 2269
2270 2280
2270 2271
2270 2272
2270 2273
2270 2274
2270 2275
2270 2276
2270 2277
2270 2278
2270 2279
2280 2290
2280 2281
2280 2282
2280 2283
2280 2284
2280 2285
2280 2286
2280 2287
2280 2288
2280 2289
2290 2300
2290 2291
2290 2292
2290 2293
2290 2294
2290 2295
2290 2296
2290 2297
2290 2298
2290 2299
2300 2310
2300 2301
2300 2302
2300 2303
2300 2304
2300 2305
2300 2306
2300 2307
2300 2308
2300 2309
2310 2320
2310 2311
2310 2312
2310 2313
2310 2314
2310 2315
2310 2316
2310 2317
2310 2318
2310 2319
2320 2330
2320 2321
2320 2322
2320 2323
2320 2324
2320 2325
2320 2326
2320 2327
2320 2328
2320 2329
2330 2340
2330 2331
2330 2332
2330 2333
2330 2334
2330 2335
2330 2336
2330 2337
2330 2338
2330 2339
2340 2350
2340 2341
2340 2342
2340 2343
2340 2344
2340 2345
2340 2346
2340 2347
2340 2348
2340 2349
2350 2360
2350 2351
2350 2352
2350 2353
2350 2354
2350 2355
2350 2356
2350 2357
2350 2358
2350 2359
2360 2370
2360 2361
2360 2362
2360 2363
2360 2364
2360 2365
2360 2366
2360 2367
2360 2368
2360 2369
2370 2380
2370 2371
2370 2372
2370 2373
2370 2374
2370 2375
2370 2376
2370 2377
2370 2378
2370 2379
2380 2390
2380 2381
2380 2382
2380 2383
2380 2384
2380 2385
2380 2386
2380 2387
2380 2388
2380 2389
2390 2400
2390 2391
2390 2392
2390 2393
2390 2394
2390 2395
2390 2396
2390 2397
2390 2398
2390 2399
2400 2410
2400 2401
2400 2402
2400 2403
2400 2404
2400 2405
2400 2406
2400 2407
2400 2408
2400 2409
2410 2420
2410 2411
2410 2412
2410 2413
2410 2414
2410 2415
2410 2416
2410 2417
2410 2418
2410 2419
2420 2430
2420 2421
2420 2422
2420 2423
2420 2424
2420 2425
2420 2426
2420 2427
2420 2428
2420 2429
2430 2440
2430 2431
2430 2432
2430 2433
2430 2434
2430 2435
2430 2436
2430 2437
2430 2438
2430 2439
2440 2450
2440 2441
2440 2442
2440 2443
2440 2444
2440 2445
2440 2446
2440 2447
2440 2448
2440 2449
2450 2460
2450 2451
2450 2452
2450 2453
2450 2454
2450 2455
2450 2456
2450 2457
2450 2458
2450 2459
2460 2470
2460 2461
2460 2462
2460 2463
2460 2464
2460 2465
2460 2466
2460 2467
2460 2468
2460 2469
2470 2480
2470 2471
2470 2472
2470 2473
2470 2474
2470 2475
2470 2476
2470 2477
2470 2478
2470 2479
2480 2490
2480 2481
2480 2482
2480 2483
2480 2484
2480 2485
2480 2486
2480 2487
2480 2488
2480 2489
2490 2500
2490 2491
2490 2492
2490 2493
2490 2494
2490 2495
2490 2496
2490 2497
2490 2498
2490 2499
2500 2510
2500 2501
2500 2502
2500 2503
2500 2504
2500 2505
2500 2506
2500 2507
2500 2508
2500 2509
2510 2520
2510 2511
2510 2512
2510 2513
2510 2514
2510 2515
2510 2516
2510 2517
2510 2518
2510 2519
2520 2530
2520 2521
2520 2522
2520 2523
2520 2524
2520 2525
2520 2526
2520 2527
2520 2528
2520 2529
2530 2540
2530 2531
2530 2532
2530 2533
2530 2534
2530 2535
2530 2536
2530 2537
2530 2538
2530 2539
2540 2550
2540 2541
2540 2542
2540 2543
2540 2544
2540 2545
2540 2546
2540 2547
2540 2548
2540 2549
2550 2560
2550 2551
2550 2552
2550 2553
2550 2554
2550 2555
2550 2556
2550 2557
2550 2558
2550 2559
2560 2570
2560 2561
2560 2562
2560 2563
2560 2564
2560 2565
2560 2566
2560 2567
2560 2568
2560 2569
2570 2580
2570 2571
2570 2572
2570 2573
2570 2574
2570 2575
2570 2576
2570 2577
2570 2578
2570 2579
2580 2590
2580 2581
2580 2582
2580 2583
2580 2584
2580 2585
2580 2586
2580 2587
2580 2588
2580 2589
2590 2600
2590 2591
2590 2592
2590 2593
2590 2594
2590 2595
2590 2596
2590 2597
2590 2598
2590 2599
2600 2610
2600 2601
2600 2602
2600 2603
2600 2604
2600 2605
2600 2606
2600 2607
2600 2608
2600 2609
2610 2620
2610 2611
2610 2612
2610 2613
2610 2614
2610 2615
2610 2616
2610 2617
2610 2618
2610 2619
2620 2630
2620 2621
2620 2622
2620 2623
2620 2624
2620 2625
2620 2626
2620 2627
2620 2628
2620 2629
2630 2640
2630 2631
2630 2632
2630 2633
2630 2634
2630 2635
2630 2636
2630 2637
2630 2638
2630 2639
2640 2650
2640 2641
2640 2642
2640 2643
2640 2644
2640 2645
2640 2646
2640 2647
2640 2648
2640 2649
2650 2660
2650 2651
2650 2652
2650 2653
2650 2654
2650 2655
2650 2656
2650 2657
2650 2658
2650 2659
2660 2670
2660 2661
2660 2662
2660 2663
2660 2664
2660 2665
2660 2666
2660 2667
2660 2668
2660 2669
2670 2680
2670 2671
2670 2672
2670 2673
2670 2674
2670 2675
2670 2676
2670 2677
2670 2678
2670 2679
2680 2690
2680 2681
2680 2682
2680 2683
2680 2684
2680 2685
2680 2686
2680 2687
2680 2688
2680 2689
2690 2700
2690 2691
2690 2692
2690 2693
2690 2694
2690 2695
2690 2696
2690 2697
2690 2698
2690 2699
2700 2710
2700 2701
2700 2702
2700 2703
2700 2704
2700 2705
2700 2706
2700 2707
2700 2708
2700 2709
2710 2720
2710 2711
2710 2712
2710 2713
2710 2714
2710 2715
2710 2716
2710 2717
2710 2718
2710 2719
2720 2730
2720 2721
2720 2722
2720 2723
2720 2724
2720 2725
2720 2726
2720 2727
2720 2728
2720 2729
2730 2740
2730 2731
2730 2732
2730 2733
2730 2734
2730 2735
2730 2736
2730 2737
2730 2738
2730 2739
2740 2750
2740 2741
2740 2742
2740 2743
2740 2744
2740 2745
2740 2746
2740 2747
2740 2748
2740 2749
2750 2760
2750 2751
2750 2752
2750 2753
2750 2754
2750 2755
2750 2756
2750 2757
2750 2758
2750 2759
2760 2770
2760 2761
2760 2762
2760 2763
2760 2764
2760 2765
2760 2766
2760 2767
2760 2768
2760 2769
2770 2780
2770 2771
2770 2772
2770 2773
2770 2774
2770 2775
2770 2776
2770 2777
2770 2778
2770 2779
2780 2790
2780 2781
2780 2782
2780 2783
2780 2784
2780 2785
2780 2786
2780 2787
2780 2788
2780 2789
2790 2800
2790 2791
2790 2792
2790 2793
2790 2794
2790 2795
2790 2796
2790 2797
2790 2798
2790 2799
2800 2810
2800 2801
2800 2802
2800 2803
2800 2804
2800 2805
2800 2806
2800 2807
2800 2808
2800 2809
2810 2820
2810 2811
2810 2812
2810 2813
2810 2814
2810 2815
2810 2816
2810 2817
2810 2818
2810 2819
2820 2830
2820 2821
2820 2822
2820 2823
2820 2824
2820 2825
2820 2826
2820 2827
2820 2828
2820 2829
2830 2840
2830 2831
2830 2832
2830 2833
2830 2834
2830 2835
2830 2836
2830 2837
2830 2838
2830 2839
2840 2850
2840 2841
2840 2842
2840 2843
2840 2844
2840 2845
2840 2846
2840 2847
2840 2848
2840 2849
2850 2860
2850 2851
2850 2852
2850 2853
2850 2854
2850 2855
2850 2856
2850 2857
2850 2858
2850 2859
2860 2870
2860 2861
2860 2862
2860 2863
2860 2864
2860 2865
2860 2866
2860 2867
2860 2868
2860 2869
2870 2880
2870 2871
2870 2872
2870 2873
2870 2874
2870 2875
2870 2876
2870 2877
2870 2878
2870 2879
2880 2890
2880 2881
2880 2882
2880 2883
2880 2884
2880 2885
2880 2886
2880 2887
2880 2888
2880 2889
2890 2900
2890 2891
2890 2892
2890 2893
2890 2894
2890 2895
2890 2896
2890 2897
2890 2898
2890 2899
2900 2910
2900 2901
2900 2902
2900 2903
2900 2904
2900 2905
2900 2906
2900 2907
2900 2908
2900 2909
2910 2920
2910 2911
2910 2912
2910 2913
2910 2914
2910 2915
2910 2916
2910 2917
2910 2918
2910 2919
2920 2930
2920 2921
2920 2922
2920 2923
2920 2924
2920 2925
2920 2926
2920 2927
2920 2928
2920 2929
2930 2940
2930 2931
2930 2932
2930 2933
2930 2934
2930 2935
2930 2936
2930 2937
2930 2938
2930 2939
2940 2950
2940 2941
2940 2942
2940 2943
2940 2944
2940 2945
2940 2946
2940 2947
2940 2948
2940 2949
2950 2960
2950 2951
2950 2952
2950 2953
2950 2954
2950 2955
2950 2956
2950 2957
2950 2958
2950 2959
2960 2970
2960 2961
2960 2962
2960 2963
2960 2964
2960 2965
2960 2966
2960 2967
2960 2968
2960 2969
2970 2980
2970 2971
2970 2972
2970 2973
2970 2974
2970 2975
2970 2976
2970 2977
2970 2978
2970 2979
2980 2990
2980 2981
2980 2982
2980 2983
2980 2984
2980 2985
2980 2986
2980 2987
2980 2988
2980 2989
2990 3000
2990 2991
2990 2992
2990 2993
2990 2994
2990 2995
2990 2996
2990 2997
2990 2998
2990 2999
3000 3010
3000 3001
3000 3002
3000 3003
3000 3004
3000 3005
3000 3006
3000 3007
3000 3008
3000 3009
3010 3020
3010 3011
3010 3012
3010 3013
3010 3014
3010 3015
3010 3016
3010 3017
3010 3018
3010 3019
3020 3030
3020 3021
3020 3022
3020 3023
3020 3024
3020 3025
3020 3026
3020 3027
3020 3028
3020 3029
3030 3040
3030 3031
3030 3032
3030 3033
3030 3034
3030 3035
3030 3036
3030 3037
3030 3038
3030 3039
3040 3050
3040 3041
3040 3042
3040 3043
3040 3044
3040 3045
3040 3046
3040 3047
3040 3048
3040 3049
3050 3060
3050 3051
3050 3052
3050 3053
3050 3054
3050 3055
3050 3056
3050 3057
3050 3058
3050 3059
3060 3070
3060 3061
3060 3062
3060 3063
3060 3064
3060 3065
3060 3066
3060 3067
3060 3068
3060 3069
3070 3080
3070 3071
3070 3072
3070 3073
3070 3074
3070 3075
3070 3076
3070 3077
3070 3078
3070 3079
3080 3090
3080 3081
3080 3082
3080 3083
3080 3084
3080 3085
3080 3086
3080 3087
3080 3088
3080 3089
3090 3100
3090 3091
3090 3092
3090 3093
3090 3094
3090 3095
3090 3096
3090 3097
3090 3098
3090 3099
3100 3110
3100 3101
3100 3102
3100 3103
3100 3104
3100 3105
3100 3106
3100 3107
3100 3108
3100 3109
3110 3120
3110 3111
3110 3112
3110 3113
3110 3114
3110 3115
3110 3116
3110 3117
3110 3118
3110 3119
3120 3130
3120 3121
3120 3122
3120 3123
3120 3124
3120 3125
3120 3126
3120 3127
3120 3128
3120 3129
3130 3140
3130 3131
3130 3132
3130 3133
3130 3134
3130 3135
3130 3136
3130 3137
3130 3138
3130 3139
3140 3150
3140 3141
3140 3142
3140 3143
3140 3144
3140 3145
3140 3146
3140 3147
3140 3148
3140 3149
3150 3160
3150 3151
3150 3152
3150 3153
3150 3154
3150 3155
3150 3156
3150 3157
3150 3158
3150 3159
3160 3170
3160 3161
3160 3162
3160 3163
3160 3164
3160 3165
3160 3166
3160 3167
3160 3168
3160 3169
3170 3180
3170 3171
3170 3172
3170 3173
3170 3174
3170 3175
3170 3176
3170 3177
3170 3178
3170 3179
3180 3190
3180 3181
3180 3182
3180 3183
3180 3184
3180 3185
3180 3186
3180 3187
3180 3188
3180 3189
3190 3200
3190 3191
3190 3192
3190 3193
3190 3194
3190 3195
3190 3196
3190 3197
3190 3198
3190 3199
3200 3210
3200 3201
3200 3202
3200 3203
3200 3204
3200 3205
3200 3206
3200 3207
3200 3208
3200 3209
3210 3220
3210 3211
3210 3212
3210 3213
3210 3214
3210 3215
3210 3216
3210 3217
3210 3218
3210 3219
3220 3230
3220 3221
3220 3222
3220 3223
3220 3224
3220 3225
3220 3226
3220 3227
3220 3228
3220 3229
3230 3240
3230 3231
3230 3232
3230 3233
3230 3234
3230 3235
3230 3236
3230 3237
3230 3238
3230 3239
3240 3250
3240 3241
3240 3242
3240 3243
3240 3244
3240 3245
3240 3246
3240 3247
3240 3248
3240 3249
3250 3260
3250 3251
3250 3252
3250 3253
3250 3254
3250 3255
3250 3256
3250 3257
3250 3258
3250 3259
3260 3270
3260 3261
3260 3262
3260 3263
3260 3264
3260 3265
3260 3266
3260 3267
3260 3268
3260 3269
3270 3280
3270 3271
3270 3272
3270 3273
3270 3274
3270 3275
3270 3276
3270 3277
3270 3278
3270 3279
3280 3290
3280 3281
3280 3282
3280 3283
3280 3284
3280 3285
3280 3286
3280 3287
3280 3288
3280 3289
3290 3300
3290 3291
3290 3292
3290 3293
3290 3294
3290 3295
3290 3296
3290 3297
3290 3298
3290 3299
3300 3310
3300 3301
3300 3302
3300 3303
3300 3304
3300 3305
3300 3306
3300 3307
3300 3308
3300 3309
3310 3320
3310 3311
3310 3312
3310 3313
3310 3314
3310 3315
3310 3316
3310 3317
3310 3318
3310 3319
3320 3330
3320 3321
3320 3322
3320 3323
3320 3324
3320 3325
3320 3326
3320 3327
3320 3328
3320 3329
3330 3340
3330 3331
3330 3332
3330 3333
3330 3334
3330 3335
3330 3336
3330 3337
3330 3338
3330 3339
3340 3350
3340 3341
3340 3342
3340 3343
3340 3344
3340 3345
3340 3346
3340 3347
3340 3348
3340 3349
3350 3360
3350 3351
3350 3352
3350 3353
3350 3354
3350 3355
3350 3356
3350 3357
3350 3358
3350 3359
3360 3370
3360 3361
3360 3362
3360 3363
3360 3364
3360 3365
3360 3366
3360 3367
3360 3368
3360 3369
3370 3380
3370 3371
3370 3372
3370 3373
3370 3374
3370 3375
3370 3376
3370 3377
3370 3378
3370 3379
3380 3390
3380 3381
3380 3382
3380 3383
3380 3384
3380 3385
3380 3386
3380 3387
3380 3388
3380 3389
3390 3400
3390 3391
3390 3392
3390 3393
3390 3394
3390 3395
3390 3396
3390 3397
3390 3398
3390 3399
3400 3410
3400 3401
3400 3402
3400 3403
3400 3404
3400 3405
3400 3406
3400 3407
3400 3408
3400 3409
3410 3420
3410 3411
3410 3412
3410 3413
3410 3414
3410 3415
3410 3416
3410 3417
3410 3418
3410 3419
3420 3430
3420 3421
3420 3422
3420 3423
3420 3424
3420 3425
3420 3426
3420 3427
3420 3428
3420 3429
3430 3440
3430 3431
3430 3432
3430 3433
3430 3434
3430 3435
3430 3436
3430 3437
3430 3438
3430 3439
3440 3450
3440 3441
3440 3442
3440 3443
3440 3444
3440 3445
3440 3446
3440 3447
3440 3448
3440 3449
3450 3460
3450 3451
3450 3452
3450 3453
3450 3454
3450 3455
3450 3456
3450 3457
3450 3458
3450 3459
3460 3470
3460 3461
3460 3462
3460 3463
3460 3464
3460 3465
3460 3466
3460 3467
3460 3468
3460 3469
3470 3480
3470 3471
3470 3472
3470 3473
3470 3474
3470 3475
3470 3476
3470 3477
3470 3478
3470 3479
3480 3490
3480 3481
3480 3482
3480 3483
3480 3484
3480 3485
3480 3486
3480 3487
3480 3488
3480 3489
3490 3500
3490 3491
3490 3492
3490 3493
3490 3494
3490 3495
3490 3496
3490 3497
3490 3498
3490 3499
3500 3510
3500 3501
3500 3502
3500 3503
3500 3504
3500 3505
3500 3506
3500 3507
3500 3508
3500 3509
3510 3520
3510 3511
3510 3512
3510 3513
3510 3514
3510 3515
3510 3516
3510 3517
3510 3518
3510 3519
3520 3530
3520 3521
3520 3522
3520 3523
3520 3524
3520 3525
3520 3526
3520 3527
3520 3528
3520 3529
3530 3540
3530 3531
3530 3532
3530 3533
3530 3534
3530 3535
3530 3536
3530 3537
3530 3538
3530 3539
3540 3550
3540 3541
3540 3542
3540 3543
3540 3544
3540 3545
3540 3546
3540 3547
3540 3548
3540 3549
3550 3560
3550 3551
3550 3552
3550 3553
3550 3554
3550 3555
3550 3556
3550 3557
3550 3558
3550 3559
3560 3570
3560 3561
3560 3562
3560 3563
3560 3564
3560 3565
3560 3566
3560 3567
3560 3568
3560 3569
3570 3580
3570 3571
3570 3572
3570 3573
3570 3574
3570 3575
3570 3576
3570 3577
3570 3578
3570 3579
3580 3590
3580 3581
3580 3582
3580 3583
3580 3584
3580 3585
3580 3586
3580 3587
3580 3588
3580 3589
3590 3600
3590 3591
3590 3592
3590 3593
3590 3594
3590 3595
3590 3596
3590 3597
3590 3598
3590 3599
3600 3610
3600 3601
3600 3602
3600 3603
3600 3604
3600 3605
3600 3606
3600 3607
3600 3608
3600 3609
3610 3620
3610 3611
3610 3612
3610 3613
3610 3614
3610 3615
3610 3616
3610 3617
3610 3618
3610 3619
3620 3630
3620 3621
3620 3622
3620 3623
3620 3624
3620 3625
3620 3626
3620 3627
3620 3628
3620 3629
3630 3640
3630 3631
3630 3632
3630 3633
3630 3634
3630 3635
3630 3636
3630 3637
3630 3638
3630 3639
3640 3650
3640 3641
3640 3642
3640 3643
3640 3644
3640 3645
3640 3646
3640 3647
3640 3648
3640 3649
3650 3660
3650 3651
3650 3652
3650 3653
3650 3654
3650 3655
3650 3656
3650 3657
3650 3658
3650 3659
3660 3670
3660 3661
3660 3662
3660 3663
3660 3664
3660 3665
3660 3666
3660 3667
3660 3668
3660 3669
3670 3680
3670 3671
3670 3672
3670 3673
3670 3674
3670 3675
3670 3676
3670 3677
3670 3678
3670 3679
3680 3690
3680 3681
3680 3682
3680 3683
3680 3684
3680 3685
3680 3686
3680 3687
3680 3688
3680 3689
3690 3700
3690 3691
3690 3692
3690 3693
3690 3694
3690 3695
3690 3696
3690 3697
3690 3698
3690 3699
3700 3710
3700 3701
3700 3702
3700 3703
3700 3704
3700 3705
3700 3706
3700 3707
3700 3708
3700 3709
3710 3720
3710 3711
3710 3712
3710 3713
3710 3714
3710 3715
3710 3716
3710 3717
3710 3718
3710 3719
3720 3730
3720 3721
3720 3722
3720 3723
3720 3724
3720 3725
3720 3726
3720 3727
3720 3728
3720 3729
3730 3740
3730 3731
3730 3732
3730 3733
3730 3734
3730 3735
3730 3736
3730 3737
3730 3738
3730 3739
3740 3750
3740 3741
3740 3742
3740 3743
3740 3744
3740 3745
3740 3746
3740 3747
3740 3748
3740 3749
3750 3760
3750 3751
3750 3752
3750 3753
3750 3754
3750 3755
3750 3756
3750 3757
3750 3758
3750 3759
3760 3770
3760 3761
3760 3762
3760 3763
3760 3764
3760 3765
3760 3766
3760 3767
3760 3768
3760 3769
3770 3780
3770 3771
3770 3772
3770 3773
3770 3774
3770 3775
3770 3776
3770 3777
3770 3778
3770 3779
3780 3790
3780 3781
3780 3782
3780 3783
3780 3784
3780 3785
3780 3786
3780 3787
3780 3788
3780 3789
3790 3800
3790 3791
3790 3792
3790 3793
3790 3794
3790 3795
3790 3796
3790 3797
3790 3798
3790 3799
3800 3810
3800 3801
3800 3802
3800 3803
3800 3804
3800 3805
3800 3806
3800 3807
3800 3808
3800 3809
3810 3820
3810 3811
3810 3812
3810 3813
3810 3814
3810 3815
3810 3816
3810 3817
3810 3818
3810 3819
3820 3830
3820 3821
3820 3822
3820 3823
3820 3824
3820 3825
3820 3826
3820 3827
3820 3828
3820 3829
3830 3840
3830 3831
3830 3832
3830 3833
3830 3834
3830 3835
3830 3836
3830 3837
3830 3838
3830 3839
3840 3850
3840 3841
3840 3842
3840 3843
3840 3844
3840 3845
3840 3846
3840 3847
3840 3848
3840 3849
3850 3860
3850 3851
3850 3852
3850 3853
3850 3854
3850 3855
3850 3856
3850 3857
3850 3858
3850 3859
3860 3870
3860 3861
3860 3862
3860 3863
3860 3864
3860 3865
3860 3866
3860 3867
3860 3868
3860 3869
3870 3880
3870 3871
3870 3872
3870 3873
3870 3874
3870 3875
3870 3876
3870 3877
3870 3878
3870 3879
3880 3890
3880 3881
3880 3882
3880 3883
3880 3884
3880 3885
3880 3886
3880 3887
3880 3888
3880 3889
3890 3900
3890 3891
3890 3892
3890 3893
3890 3894
3890 3895
3890 3896
3890 3897
3890 3898
3890 3899
3900 3910
3900 3901
3900 3902
3900 3903
3900 3904
3900 3905
3900 3906
3900 3907
3900 3908
3900 3909
3910 3920
3910 3911
3910 3912
3910 3913
3910 3914
3910 3915
3910 3916
3910 3917
3910 3918
3910 3919
3920 3930
3920 3921
3920 3922
3920 3923
3920 3924
3920 3925
3920 3926
3920 3927
3920 3928
3920 3929
3930 3940
3930 3931
3930 3932
3930 3933
3930 3934
3930 3935
3930 3936
3930 3937
3930 3938
3930 3939
3940 3950
3940 3941
3940 3942
3940 3943
3940 3944
3940 3945
3940 3946
3940 3947
3940 3948
3940 3949
3950 3960
3950 3951
3950 3952
3950 3953
3950 3954
3950 3955
3950 3956
3950 3957
3950 3958
3950 3959
3960 3970
3960 3961
3960 3962
3960 3963
3960 3964
3960 3965
3960 3966
3960 3967
3960 3968
3960 3969
3970 3980
3970 3971
3970 3972
3970 3973
3970 3974
3970 3975
3970 3976
3970 3977
3970 3978
3970 3979
3980 3990
3980 3981
3980 3982
3980 3983
3980 3984
3980 3985
3980 3986
3980 3987
3980 3988
3980 3989
3990 4000
3990 3991
3990 3992
3990 3993
3990 3994
3990 3995
3990 3996
3990 3997
3990 3998
3990 3999
4000 4010
4000 4001
4000 4002
4000 4003
4000 4004
4000 4005
4000 4006
4000 4007
4000 4008
4000 4009
4010 4020
4010 4011
4010 4012
4010 4013
4010 4014
4010 4015
4010 4016
4010 4017
4010 4018
4010 4019
4020 4030
4020 4021
4020 4022
4020 4023
4020 4024
4020 4025
4020 4026
4020 4027
4020 4028
4020 4029
4030 4040
4030 4031
4030 4032
4030 4033
4030 4034
4030 4035
4030 4036
4030 4037
4030 4038
4030 4039
4040 4050
4040 4041
4040 4042
4040 4043
4040 4044
4040 4045
4040 4046
4040 4047
4040 4048
4040 4049
4050 4060
4050 4051
4050 4052
4050 4053
4050 4054
4050 4055
4050 4056
4050 4057
4050 4058
4050 4059
4060 4070
4060 4061
4060 4062
4060 4063
4060 4064
4060 4065
4060 4066
4060 4067
4060 4068
4060 4069
4070 4080
4070 4071
4070 4072
4070 4073
4070 4074
4070 4075
4070 4076
4070 4077
4070 4078
4070 4079
4080 4090
4080 4081
4080 4082
4080 4083
4080 4084
4080 4085
4080 4086
4080 4087
4080 4088
4080 4089
4090 4100
4090 4091
4090 4092
4090 4093
4090 4094
4090 4095
4090 4096
4090 4097
4090 4098
4090 4099
4100 4110
4100 4101
4100 4102
4100 4103
4100 4104
4100 4105
4100 4106
4100 4107
4100 4108
4100 4109
4110 4120
4110 4111
4110 4112
4110 4113
4110 4114
4110 4115
4110 4116
4110 4117
4110 4118
4110 4119
4120 4130
4120 4121
4120 4122
4120 4123
4120 4124
4120 4125
4120 4126
4120 4127
4120 4128
4120 4129
4130 4140
4130 4131
4130 4132
4130 4133
4130 4134
4130 4135
4130 4136
4130 4137
4130 4138
4130 4139
4140 4150
4140 4141
4140 4142
4140 4143
4140 4144
4140 4145
4140 4146
4140 4147
4140 4148
4140 4149
4150 4160
4150 4151
4150 4152
4150 4153
4150 4154
4150 4155
4150 4156
4150 4157
4150 4158
4150 4159
4160 4170
4160 4161
4160 4162
4160 4163
4160 4164
4160 4165
4160 4166
4160 4167
4160 4168
4160 4169
4170 4180
4170 4171
4170 4172
4170 4173
4170 4174
4170 4175
4170 4176
4170 4177
4170 4178
4170 4179
4180 4190
4180 4181
4180 4182
4180 4183
4180 4184
4180 4185
4180 4186
4180 4187
4180 4188
4180 4189
4190 4200
4190 4191
4190 4192
4190 4193
4190 4194
4190 4195
4190 4196
4190 4197
4190 4198
4190 4199
4200 4210
4200 4201
4200 4202
4200 4203
4200 4204
4200 4205
4200 4206
4200 4207
4200 4208
4200 4209
4210 4220
4210 4211
4210 4212
4210 4213
4210 4214
4210 4215
4210 4216
4210 4217
4210 4218
4210 4219
4220 4230
4220 4221
4220 4222
4220 4223
4220 4224
4220 4225
4220 4226
4220 4227
4220 4228
4220 4229
4230 4240
4230 4231
4230 4232
4230 4233
4230 4234
4230 4235
4230 4236
4230 4237
4230 4238
4230 4239
4240 4250
4240 4241
4240 4242
4240 4243
4240 4244
4240 4245
4240 4246
4240 4247
4240 4248
4240 4249
4250 4260
4250 4251
4250 4252
4250 4253
4250 4254
4250 4255
4250 4256
4250 4257
4250 4258
4250 4259
4260 4270
4260 4261
4260 4262
4260 4263
4260 4264
4260 4265
4260 4266
4260 4267
4260 4268
4260 4269
4270 4280
4270 4271
4270 4272
4270 4273
4270 4274
4270 4275
4270 4276
4270 4277
4270 4278
4270 4279
4280 4290
4280 4281
4280 4282
4280 4283
4280 4284
4280 4285
4280 4286
4280 4287
4280 4288
4280 4289
4290 4300
4290 4291
4290 4292
4290 4293
4290 4294
4290 4295
4290 4296
4290 4297
4290 4298
4290 4299
4300 4310
4300 4301
4300 4302
4300 4303
4300 4304
4300 4305
4300 4306
4300 4307
4300 4308
4300 4309
4310 4320
4310 4311
4310 4312
4310 4313
4310 4314
4310 4315
4310 4316
4310 4317
4310 4318
4310 4319
4320 4330
4320 4321
4320 4322
4320 4323
4320 4324
4320 4325
4320 4326
4320 4327
4320 4328
4320 4329
4330 4340
4330 4331
4330 4332
4330 4333
4330 4334
4330 4335
4330 4336
4330 4337
4330 4338
4330 4339
4340 4350
4340 4341
4340 4342
4340 4343
4340 4344
4340 4345
4340 4346
4340 4347
4340 4348
4340 4349
4350 4360
4350 4351
4350 4352
4350 4353
4350 4354
4350 4355
4350 4356
4350 4357
4350 4358
4350 4359
4360 4370
4360 4361
4360 4362
4360 4363
4360 4364
4360 4365
4360 4366
4360 4367
4360 4368
4360 4369
4370 4380
4370 4371
4370 4372
4370 4373
4370 4374
4370 4375
4370 4376
4370 4377
4370 4378
4370 4379
4380 4390
4380 4381
4380 4382
4380 4383
4380 4384
4380 4385
4380 4386
4380 4387
4380 4388
4380 4389
4390 4400
4390 4391
4390 4392
4390 4393
4390 4394
4390 4395
4390 4396
4390 4397
4390 4398
4390 4399
4400 4410
4400 4401
4400 4402
4400 4403
4400 4404
4400 4405
4400 4406
4400 4407
4400 4408
4400 4409
4410 4420
4410 4411
4410 4412
4410 4413
4410 4414
4410 4415
4410 4416
4410 4417
4410 4418
4410 4419
4420 4430
4420 4421
4420 4422
4420 4423
4420 4424
4420 4425
4420 4426
4420 4427
4420 4428
4420 4429
4430 4440
4430 4431
4430 4432
4430 4433
4430 4434
4430 4435
4430 4436
4430 4437
4430 4438
4430 4439
4440 4450
4440 4441
4440 4442
4440 4443
4440 4444
4440 4445
4440 4446
4440 4447
4440 4448
4440 4449
4450 4460
4450 4451
4450 4452
4450 4453
4450 4454
4450 4455
4450 4456
4450 4457
4450 4458
4450 4459
4460 4470
4460 4461
4460 4462
4460 4463
4460 4464
4460 4465
4460 4466
4460 4467
4460 4468
4460 4469
4470 4480
4470 4471
4470 4472
4470 4473
4470 4474
4470 4475
4470 4476
4470 4477
4470 4478
4470 4479
4480 4490
4480 4481
4480 4482
4480 4483
4480 4484
4480 4485
4480 4486
4480 4487
4480 4488
4480 4489
4490 4500
4490 4491
4490 4492
4490 4493
4490 4494
4490 4495
4490 4496
4490 4497
4490 4498
4490 4499
4500 4510
4500 4501
4500 4502
4500 4503
4500 4504
4500 4505
4500 4506
4500 4507
4500 4508
4500 4509
4510 4520
4510 4511
4510 4512
4510 4513
4510 4514
4510 4515
4510 4516
4510 4517
4510 4518
4510 4519
4520 4530
4520 4521
4520 4522
4520 4523
4520 4524
4520 4525
4520 4526
4520 4527
4520 4528
4520 4529
4530 4540
4530 4531
4530 4532
4530 4533
4530 4534
4530 4535
4530 4536
4530 4537
4530 4538
4530 4539
4540 4550
4540 4541
4540 4542
4540 4543
4540 4544
4540 4545
4540 4546
4540 4547
4540 4548
4540 4549
4550 4560
4550 4551
4550 4552
4550 4553
4550 4554
4550 4555
4550 4556
4550 4557
4550 4558
4550 4559
4560 4570
4560 4561
4560 4562
4560 4563
4560 4564
4560 4565
4560 4566
4560 4567
4560 4568
4560 4569
4570 4580
4570 4571
4570 4572
4570 4573
4570 4574
4570 4575
4570 4576
4570 4577
4570 4578
4570 4579
4580 4590
4580 4581
4580 4582
4580 4583
4580 4584
4580 4585
4580 4586
4580 4587
4580 4588
4580 4589
4590 4600
4590 4591
4590 4592
4590 4593
4590 4594
4590 4595
4590 4596
4590 4597
4590 4598
4590 4599
4600 4610
4600 4601
4600 4602
4600 4603
4600 4604
4600 4605
4600 4606
4600 4607
4600 4608
4600 4609
4610 4620
4610 4611
4610 4612
4610 4613
4610 4614
4610 4615
4610 4616
4610 4617
4610 4618
4610 4619
4620 4630
4620 4621
4620 4622
4620 4623
4620 4624
4620 4625
4620 4626
4620 4627
4620 4628
4620 4629
4630 4640
4630 4631
4630 4632
4630 4633
4630 4634
4630 4635
4630 4636
4630 4637
4630 4638
4630 4639
4640 4650
4640 4641
4640 4642
4640 4643
4640 4644
4640 4645
4640 4646
4640 4647
4640 4648
4640 4649
4650 4660
4650 4651
4650 4652
4650 4653
4650 4654
4650 4655
4650 4656
4650 4657
4650 4658
4650 4659
4660 4670
4660 4661
4660 4662
4660 4663
4660 4664
4660 4665
4660 4666
4660 4667
4660 4668
4660 4669
4670 4680
4670 4671
4670 4672
4670 4673
4670 4674
4670 4675
4670 4676
4670 4677
4670 4678
4670 4679
4680 4690
4680 4681
4680 4682
4680 4683
4680 4684
4680 4685
4680 4686
4680 4687
4680 4688
4680 4689
4690 4700
4690 4691
4690 4692
4690 4693
4690 4694
4690 4695
4690 4696
4690 4697
4690 4698
4690 4699
4700 4710
4700 4701
4700 4702
4700 4703
4700 4704
4700 4705
4700 4706
4700 4707
4700 4708
4700 4709
4710 4720
4710 4711
4710 4712
4710 4713
4710 4714
4710 4715
4710 4716
4710 4717
4710 4718
4710 4719
4720 4730
4720 4721
4720 4722
4720 4723
4720 4724
4720 4725
4720 4726
4720 4727
4720 4728
4720 4729
4730 4740
4730 4731
4730 4732
4730 4733
4730 4734
4730 4735
4730 4736
4730 4737
4730 4738
4730 4739
4740 4750
4740 4741
4740 4742
4740 4743
4740 4744
4740 4745
4740 4746
4740 4747
4740 4748
4740 4749
4750 4760
4750 4751
4750 4752
4750 4753
4750 4754
4750 4755
4750 4756
4750 4757
4750 4758
4750 4759
4760 4770
4760 4761
4760 4762
4760 4763
4760 4764
4760 4765
4760 4766
4760 4767
4760 4768
4760 4769
4770 4780
4770 4771
4770 4772
4770 4773
4770 4774
4770 4775
4770 4776
4770 4777
4770 4778
4770 4779
4780 4790
4780 4781
4780 4782
4780 4783
4780 4784
4780 4785
4780 4786
4780 4787
4780 4788
4780 4789
4790 4800
4790 4791
4790 4792
4790 4793
4790 4794
4790 4795
4790 4796
4790 4797
4790 4798
4790 4799
4800 4810
4800 4801
4800 4802
4800 4803
4800 4804
4800 4805
4800 4806
4800 4807
4800 4808
4800 4809
4810 4820
4810 4811
4810 4812
4810 4813
4810 4814
4810 4815
4810 4816
4810 4817
4810 4818
4810 4819
4820 4830
4820 4821
4820 4822
4820 4823
4820 4824
4820 4825
4820 4826
4820 4827
4820 4828
4820 4829
4830 4840
4830 4831
4830 4832
4830 4833
4830 4834
4830 4835
4830 4836
4830 4837
4830 4838
4830 4839
4840 4850
4840 4841
4840 4842
4840 4843
4840 4844
4840 4845
4840 4846
4840 4847
4840 4848
4840 4849
4850 4860
4850 4851
4850 4852
4850 4853
4850 4854
4850 4855
4850 4856
4850 4857
4850 4858
4850 4859
4860 4870
4860 4861
4860 4862
4860 4863
4860 4864
4860 4865
4860 4866
4860 4867
4860 4868
4860 4869
4870 4880
4870 4871
4870 4872
4870 4873
4870 4874
4870 4875
4870 4876
4870 4877
4870 4878
4870 4879
4880 4890
4880 4881
4880 4882
4880 4883
4880 4884
4880 4885
4880 4886
4880 4887
4880 4888
4880 4889
4890 4900
4890 4891
4890 4892
4890 4893
4890 4894
4890 4895
4890 4896
4890 4897
4890 4898
4890 4899
4900 4910
4900 4901
4900 4902
4900 4903
4900 4904
4900 4905
4900 4906
4900 4907
4900 4908
4900 4909
4910 4920
4910 4911
4910 4912
4910 4913
4910 4914
4910 4915
4910 4916
4910 4917
4910 4918
4910 4919
4920 4930
4920 4921
4920 4922
4920 4923
4920 4924
4920 4925
4920 4926
4920 4927
4920 4928
4920 4929
4930 4940
4930 4931
4930 4932
4930 4933
4930 4934
4930 4935
4930 4936
4930 4937
4930 4938
4930 4939
4940 4950
4940 4941
4940 4942
4940 4943
4940 4944
4940 4945
4940 4946
4940 4947
4940 4948
4940 4949
4950 4960
4950 4951
4950 4952
4950 4953
4950 4954
4950 4955
4950 4956
4950 4957
4950 4958
4950 4959
4960 4970
4960 4961
4960 4962
4960 4963
4960 4964
4960 4965
4960 4966
4960 4967
4960 4968
4960 4969
4970 4980
4970 4971
4970 4972
4970 4973
4970 4974
4970 4975
4970 4976
4970 4977
4970 4978
4970 4979
4980 4990
4980 4981
4980 4982
4980 4983
4980 4984
4980 4985
4980 4986
4980 4987
4980 4988
4980 4989
4990 5000
4990 4991
4990 4992
4990 4993
4990 4994
4990 4995
4990 4996
4990 4997
4990 4998
4990 4999
5000 5010
5000 5001
5000 5002
5000 5003
5000 5004
5000 5005
5000 5006
5000 5007
5000 5008
5000 5009
5010 5020
5010 5011
5010 5012
5010 5013
5010 5014
5010 5015
5010 5016
5010 5017
5010 5018
5010 5019
5020 5030
5020 5021
5020 5022
5020 5023
5020 5024
5020 5025
5020 5026
5020 5027
5020 5028
5020 5029
5030 5040
5030 5031
5030 5032
5030 5033
5030 5034
5030 5035
5030 5036
5030 5037
5030 5038
5030 5039
5040 5050
5040 5041
5040 5042
5040 5043
5040 5044
5040 5045
5040 5046
5040 5047
5040 5048
5040 5049
5050 5060
5050 5051
5050 5052
5050 5053
5050 5054
5050 5055
5050 5056
5050 5057
5050 5058
5050 5059
5060 5070
5060 5061
5060 5062
5060 5063
5060 5064
5060 5065
5060 5066
5060 5067
5060 5068
5060 5069
5070 5080
5070 5071
5070 5072
5070 5073
5070 5074
5070 5075
5070 5076
5070 5077
5070 5078
5070 5079
5080 5090
5080 5081
5080 5082
5080 5083
5080 5084
5080 5085
5080 5086
5080 5087
5080 5088
5080 5089
5090 5100
5090 5091
5090 5092
5090 5093
5090 5094
5090 5095
5090 5096
5090 5097
5090 5098
5090 5099
5100 5110
5100 5101
5100 5102
5100 5103
5100 5104
5100 5105
5100 5106
5100 5107
5100 5108
5100 5109
5110 5120
5110 5111
5110 5112
5110 5113
5110 5114
5110 5115
5110 5116
5110 5117
5110 5118
5110 5119
5120 5130
5120 5121
5120 5122
5120 5123
5120 5124
5120 5125
5120 5126
5120 5127
5120 5128
5120 5129
5130 5140
5130 5131
5130 5132
5130 5133
5130 5134
5130 5135
5130 5136
5130 5137
5130 5138
5130 5139
5140 5150
5140 5141
5140 5142
5140 5143
5140 5144
5140 5145
5140 5146
5140 5147
5140 5148
5140 5149
5150 5160
5150 5151
5150 5152
5150 5153
5150 5154
5150 5155
5150 5156
5150 5157
5150 5158
5150 5159
5160 5170
5160 5161
5160 5162
5160 5163
5160 5164
5160 5165
5160 5166
5160 5167
5160 5168
5160 5169
5170 5180
5170 5171
5170 5172
5170 5173
5170 5174
5170 5175
5170 5176
5170 5177
5170 5178
5170 5179
5180 5190
5180 5181
5180 5182
5180 5183
5180 5184
5180 5185
5180 5186
5180 5187
5180 5188
5180 5189
5190 5200
5190 5191
5190 5192
5190 5193
5190 5194
5190 5195
5190 5196
5190 5197
5190 5198
5190 5199
5200 5210
5200 5201
5200 5202
5200 5203
5200 5204
5200 5205
5200 5206
5200 5207
5200 5208
5200 5209
5210 5220
5210 5211
5210 5212
5210 5213
5210 5214
5210 5215
5210 5216
5210 5217
5210 5218
5210 5219
5220 5230
5220 5221
5220 5222
5220 5223
5220 5224
5220 5225
5220 5226
5220 5227
5220 5228
5220 5229
5230 5240
5230 5231
5230 5232
5230 5233
5230 5234
5230 5235
5230 5236
5230 5237
5230 5238
5230 5239
5240 5250
5240 5241
5240 5242
5240 5243
5240 5244
5240 5245
5240 5246
5240 5247
5240 5248
5240 5249
5250 5260
5250 5251
5250 5252
5250 5253
5250 5254
5250 5255
5250 5256
5250 5257
5250 5258
5250 5259
5260 5270
5260 5261
5260 5262
5260 5263
5260 5264
5260 5265
5260 5266
5260 5267
5260 5268
5260 5269
5270 5280
5270 5271
5270 5272
5270 5273
5270 5274
5270 5275
5270 5276
5270 5277
5270 5278
5270 5279
5280 5290
5280 5281
5280 5282
5280 5283
5280 5284
5280 5285
5280 5286
5280 5287
5280 5288
5280 5289
5290 5300
5290 5291
5290 5292
5290 5293
5290 5294
5290 5295
5290 5296
5290 5297
5290 5298
5290 5299
5300 5310
5300 5301
5300 5302
5300 5303
5300 5304
5300 5305
5300 5306
5300 5307
5300 5308
5300 5309
5310 5320
5310 5311
5310 5312
5310 5313
5310 5314
5310 5315
5310 5316
5310 5317
5310 5318
5310 5319
5320 5330
5320 5321
5320 5322
5320 5323
5320 5324
5320 5325
5320 5326
5320 5327
5320 5328
5320 5329
5330 5340
5330 5331
5330 5332
5330 5333
5330 5334
5330 5335
5330 5336
5330 5337
5330 5338
5330 5339
5340 5350
5340 5341
5340 5342
5340 5343
5340 5344
5340 5345
5340 5346
5340 5347
5340 5348
5340 5349
5350 5360
5350 5351
5350 5352
5350 5353
5350 5354
5350 5355
5350 5356
5350 5357
5350 5358
5350 5359
5360 5370
5360 5361
5360 5362
5360 5363
5360 5364
5360 5365
5360 5366
5360 5367
5360 5368
5360 5369
5370 5380
5370 5371
5370 5372
5370 5373
5370 5374
5370 5375
5370 5376
5370 5377
5370 5378
5370 5379
5380 5390
5380 5381
5380 5382
5380 5383
5380 5384
5380 5385
5380 5386
5380 5387
5380 5388
5380 5389
5390 5400
5390 5391
5390 5392
5390 5393
5390 5394
5390 5395
5390 5396
5390 5397
5390 5398
5390 5399
5400 5410
5400 5401
5400 5402
5400 5403
5400 5404
5400 5405
5400 5406
5400 5407
5400 5408
5400 5409
5410 5420
5410 5411
5410 5412
5410 5413
5410 5414
5410 5415
5410 5416
5410 5417
5410 5418
5410 5419
5420 5430
5420 5421
5420 5422
5420 5423
5420 5424
5420 5425
5420 5426
5420 5427
5420 5428
5420 5429
5430 5440
5430 5431
5430 5432
5430 5433
5430 5434
5430 5435
5430 5436
5430 5437
5430 5438
5430 5439
5440 5450
5440 5441
5440 5442
5440 5443
5440 5444
5440 5445
5440 5446
5440 5447
5440 5448
5440 5449
5450 5460
5450 5451
5450 5452
5450 5453
5450 5454
5450 5455
5450 5456
5450 5457
5450 5458
5450 5459
5460 5470
5460 5461
5460 5462
5460 5463
5460 5464
5460 5465
5460 5466
5460 5467
5460 5468
5460 5469
5470 5480
5470 5471
5470 5472
5470 5473
5470 5474
5470 5475
5470 5476
5470 5477
5470 5478
5470 5479
5480 5490
5480 5481
5480 5482
5480 5483
5480 5484
5480 5485
5480 5486
5480 5487
5480 5488
5480 5489
5490 5500
5490 5491
5490 5492
5490 5493
5490 5494
5490 5495
5490 5496
5490 5497
5490 5498
5490 5499
5500 5510
5500 5501
5500 5502
5500 5503
5500 5504
5500 5505
5500 5506
5500 5507
5500 5508
5500 5509
5510 5520
5510 5511
5510 5512
5510 5513
5510 5514
5510 5515
5510 5516
5510 5517
5510 5518
5510 5519
5520 5530
5520 5521
5520 5522
5520 5523
5520 5524
5520 5525
5520 5526
5520 5527
5520 5528
5520 5529
5530 5540
5530 5531
5530 5532
5530 5533
5530 5534
5530 5535
5530 5536
5530 5537
5530 5538
5530 5539
5540 5550
5540 5541
5540 5542
5540 5543
5540 5544
5540 5545
5540 5546
5540 5547
5540 5548
5540 5549
5550 5560
5550 5551
5550 5552
5550 5553
5550 5554
5550 5555
5550 5556
5550 5557
5550 5558
5550 5559
5560 5570
5560 5561
5560 5562
5560 5563
5560 5564
5560 5565
5560 5566
5560 5567
5560 5568
5560 5569
5570 5580
5570 5571
5570 5572
5570 5573
5570 5574
5570 5575
5570 5576
5570 5577
5570 5578
5570 5579
5580 5590
5580 5581
5580 5582
5580 5583
5580 5584
5580 5585
5580 5586
5580 5587
5580 5588
5580 5589
5590 5600
5590 5591
5590 5592
5590 5593
5590 5594
5590 5595
5590 5596
5590 5597
5590 5598
5590 5599
5600 5610
5600 5601
5600 5602
5600 5603
5600 5604
5600 5605
5600 5606
5600 5607
5600 5608
5600 5609
5610 5620
5610 5611
5610 5612
5610 5613
5610 5614
5610 5615
5610 5616
5610 5617
5610 5618
5610 5619
5620 5630
5620 5621
5620 5622
5620 5623
5620 5624
5620 5625
5620 5626
5620 5627
5620 5628
5620 5629
5630 5640
5630 5631
5630 5632
5630 5633
5630 5634
5630 5635
5630 5636
5630 5637
5630 5638
5630 5639
5640 5650
5640 5641
5640 5642
5640 5643
5640 5644
5640 5645
5640 5646
5640 5647
5640 5648
5640 5649
5650 5660
5650 5651
5650 5652
5650 5653
5650 5654
5650 5655
5650 5656
5650 5657
5650 5658
5650 5659
5660 5670
5660 5661
5660 5662
5660 5663
5660 5664
5660 5665
5660 5666
5660 5667
5660 5668
5660 5669
5670 5680
5670 5671
5670 5672
5670 5673
5670 5674
5670 5675
5670 5676
5670 5677
5670 5678
5670 5679
5680 5690
5680 5681
5680 5682
5680 5683
5680 5684
5680 5685
5680 5686
5680 5687
5680 5688
5680 5689
5690 5700
5690 5691
5690 5692
5690 5693
5690 5694
5690 5695
5690 5696
5690 5697
5690 5698
5690 5699
5700 5710
5700 5701
5700 5702
5700 5703
5700 5704
5700 5705
5700 5706
5700 5707
5700 5708
5700 5709
5710 5720
5710 5711
5710 5712
5710 5713
5710 5714
5710 5715
5710 5716
5710 5717
5710 5718
5710 5719
5720 5730
5720 5721
5720 5722
5720 5723
5720 5724
5720 5725
5720 5726
5720 5727
5720 5728
5720 5729
5730 5740
5730 5731
5730 5732
5730 5733
5730 5734
5730 5735
5730 5736
5730 5737
5730 5738
5730 5739
5740 5750
5740 5741
5740 5742
5740 5743
5740 5744
5740 5745
5740 5746
5740 5747
5740 5748
5740 5749
5750 5760
5750 5751
5750 5752
5750 5753
5750 5754
5750 5755
5750 5756
5750 5757
5750 5758
5750 5759
5760 5770
5760 5761
5760 5762
5760 5763
5760 5764
5760 5765
5760 5766
5760 5767
5760 5768
5760 5769
5770 5780
5770 5771
5770 5772
5770 5773
5770 5774
5770 5775
5770 5776
5770 5777
5770 5778
5770 5779
5780 5790
5780 5781
5780 5782
5780 5783
5780 5784
5780 5785
5780 5786
5780 5787
5780 5788
5780 5789
5790 5800
5790 5791
5790 5792
5790 5793
5790 5794
5790 5795
5790 5796
5790 5797
5790 5798
5790 5799
5800 5810
5800 5801
5800 5802
5800 5803
5800 5804
5800 5805
5800 5806
5800 5807
5800 5808
5800 5809
5810 5820
5810 5811
5810 5812
5810 5813
5810 5814
5810 5815
5810 5816
5810 5817
5810 5818
5810 5819
5820 5830
5820 5821
5820 5822
5820 5823
5820 5824
5820 5825
5820 5826
5820 5827
5820 5828
5820 5829
5830 5840
5830 5831
5830 5832
5830 5833
5830 5834
5830 5835
5830 5836
5830 5837
5830 5838
5830 5839
5840 5850
5840 5841
5840 5842
5840 5843
5840 5844
5840 5845
5840 5846
5840 5847
5840 5848
5840 5849
5850 5860
5850 5851
5850 5852
5850 5853
5850 5854
5850 5855
5850 5856
5850 5857
5850 5858
5850 5859
5860 5870
5860 5861
5860 5862
5860 5863
5860 5864
5860 5865
5860 5866
5860 5867
5860 5868
5860 5869
5870 5880
5870 5871
5870 5872
5870 5873
5870 5874
5870 5875
5870 5876
5870 5877
5870 5878
5870 5879
5880 5890
5880 5881
5880 5882
5880 5883
5880 5884
5880 5885
5880 5886
5880 5887
5880 5888
5880 5889
5890 5900
5890 5891
5890 5892
5890 5893
5890 5894
5890 5895
5890 5896
5890 5897
5890 5898
5890 5899
5900 5910
5900 5901
5900 5902
5900 5903
5900 5904
5900 5905
5900 5906
5900 5907
5900 5908
5900 5909
5910 5920
5910 5911
5910 5912
5910 5913
5910 5914
5910 5915
5910 5916
5910 5917
5910 5918
5910 5919
5920 5930
5920 5921
5920 5922
5920 5923
5920 5924
5920 5925
5920 5926
5920 5927
5920 5928
5920 5929
5930 5940
5930 5931
5930 5932
5930 5933
5930 5934
5930 5935
5930 5936
5930 5937
5930 5938
5930 5939
5940 5950
5940 5941
5940 5942
5940 5943
5940 5944
5940 5945
5940 5946
5940 5947
5940 5948
5940 5949
5950 5960
5950 5951
5950 5952
5950 5953
5950 5954
5950 5955
5950 5956
5950 5957
5950 5958
5950 5959
5960 5970
5960 5961
5960 5962
5960 5963
5960 5964
5960 5965
5960 5966
5960 5967
5960 5968
5960 5969
5970 5980
5970 5971
5970 5972
5970 5973
5970 5974
5970 5975
5970 5976
5970 5977
5970 5978
5970 5979
5980 5990
5980 5981
5980 5982
5980 5983
5980 5984
5980 5985
5980 5986
5980 5987
5980 5988
5980 5989
5990 6000
5990 5991
5990 5992
5990 5993
5990 5994
5990 5995
5990 5996
5990 5997
5990 5998
5990 5999
6000 6010
6000 6001
6000 6002
6000 6003
6000 6004
6000 6005
6000 6006
6000 6007
6000 6008
6000 6009
6010 6020
6010 6011
6010 6012
6010 6013
6010 6014
6010 6015
6010 6016
6010 6017
6010 6018
6010 6019
6020 6030
6020 6021
6020 6022
6020 6023
6020 6024
6020 6025
6020 6026
6020 6027
6020 6028
6020 6029
6030 6040
6030 6031
6030 6032
6030 6033
6030 6034
6030 6035
6030 6036
6030 6037
6030 6038
6030 6039
6040 6050
6040 6041
6040 6042
6040 6043
6040 6044
6040 6045
6040 6046
6040 6047
6040 6048
6040 6049
6050 6060
6050 6051
6050 6052
6050 6053
6050 6054
6050 6055
6050 6056
6050 6057
6050 6058
6050 6059
6060 6070
6060 6061
6060 6062
6060 6063
6060 6064
6060 6065
6060 6066
6060 6067
6060 6068
6060 6069
6070 6080
6070 6071
6070 6072
6070 6073
6070 6074
6070 6075
6070 6076
6070 6077
6070 6078
6070 6079
6080 6090
6080 6081
6080 6082
6080 6083
6080 6084
6080 6085
6080 6086
6080 6087
6080 6088
6080 6089
6090 6100
6090 6091
6090 6092
6090 6093
6090 6094
6090 6095
6090 6096
6090 6097
6090 6098
6090 6099
6100 6110
6100 6101
6100 6102
6100 6103
6100 6104
6100 6105
6100 6106
6100 6107
6100 6108
6100 6109
6110 6120
6110 6111
6110 6112
6110 6113
6110 6114
6110 6115
6110 6116
6110 6117
6110 6118
6110 6119
6120 6130
6120 6121
6120 6122
6120 6123
6120 6124
6120 6125
6120 6126
6120 6127
6120 6128
6120 6129
6130 6140
6130 6131
6130 6132
6130 6133
6130 6134
6130 6135
6130 6136
6130 6137
6130 6138
6130 6139
6140 6150
6140 6141
6140 6142
6140 6143
6140 6144
6140 6145
6140 6146
6140 6147
6140 6148
6140 6149
6150 6160
6150 6151
6150 6152
6150 6153
6150 6154
6150 6155
6150 6156
6150 6157
6150 6158
6150 6159
6160 6170
6160 6161
6160 6162
6160 6163
6160 6164
6160 6165
6160 6166
6160 6167
6160 6168
6160 6169
6170 6180
6170 6171
6170 6172
6170 6173
6170 6174
6170 6175
6170 6176
6170 6177
6170 6178
6170 6179
6180 6190
6180 6181
6180 6182
6180 6183
6180 6184
6180 6185
6180 6186
6180 6187
6180 6188
6180 6189
6190 6200
6190 6191
6190 6192
6190 6193
6190 6194
6190 6195
6190 6196
6190 6197
6190 6198
6190 6199
6200 6210
6200 6201
6200 6202
6200 6203
6200 6204
6200 6205
6200 6206
6200 6207
6200 6208
6200 6209
6210 6220
6210 6211
6210 6212
6210 6213
6210 6214
6210 6215
6210 6216
6210 6217
6210 6218
6210 6219
6220 6230
6220 6221
6220 6222
6220 6223
6220 6224
6220 6225
6220 6226
6220 6227
6220 6228
6220 6229
6230 6240
6230 6231
6230 6232
6230 6233
6230 6234
6230 6235
6230 6236
6230 6237
6230 6238
6230 6239
6240 6250
6240 6241
6240 6242
6240 6243
6240 6244
6240 6245
6240 6246
6240 6247
6240 6248
6240 6249
6250 6260
6250 6251
6250 6252
6250 6253
6250 6254
6250 6255
6250 6256
6250 6257
6250 6258
6250 6259
6260 6270
6260 6261
6260 6262
6260 6263
6260 6264
6260 6265
6260 6266
6260 6267
6260 6268
6260 6269
6270 6280
6270 6271
6270 6272
6270 6273
6270 6274
6270 6275
6270 6276
6270 6277
6270 6278
6270 6279
6280 6290
6280 6281
6280 6282
6280 6283
6280 6284
6280 6285
6280 6286
6280 6287
6280 6288
6280 6289
6290 6300
6290 6291
6290 6292
6290 6293
6290 6294
6290 6295
6290 6296
6290 6297
6290 6298
6290 6299
6300 6310
6300 6301
6300 6302
6300 6303
6300 6304
6300 6305
6300 6306
6300 6307
6300 6308
6300 6309
6310 6320
6310 6311
6310 6312
6310 6313
6310 6314
6310 6315
6310 6316
6310 6317
6310 6318
6310 6319
6320 6330
6320 6321
6320 6322
6320 6323
6320 6324
6320 6325
6320 6326
6320 6327
6320 6328
6320 6329
6330 6340
6330 6331
6330 6332
6330 6333
6330 6334
6330 6335
6330 6336
6330 6337
6330 6338
6330 6339
6340 6350
6340 6341
6340 6342
6340 6343
6340 6344
6340 6345
6340 6346
6340 6347
6340 6348
6340 6349
6350 6360
6350 6351
6350 6352
6350 6353
6350 6354
6350 6355
6350 6356
6350 6357
6350 6358
6350 6359
6360 6370
6360 6361
6360 6362
6360 6363
6360 6364
6360 6365
6360 6366
6360 6367
6360 6368
6360 6369
6370 6380
6370 6371
6370 6372
6370 6373
6370 6374
6370 6375
6370 6376
6370 6377
6370 6378
6370 6379
6380 6390
6380 6381
6380 6382
6380 6383
6380 6384
6380 6385
6380 6386
6380 6387
6380 6388
6380 6389
6390 6400
6390 6391
6390 6392
6390 6393
6390 6394
6390 6395
6390 6396
6390 6397
6390 6398
6390 6399
6400 6410
6400 6401
6400 6402
6400 6403
6400 6404
6400 6405
6400 6406
6400 6407
6400 6408
6400 6409
6410 6420
6410 6411
6410 6412
6410 6413
6410 6414
6410 6415
6410 6416
6410 6417
6410 6418
6410 6419
6420 6430
6420 6421
6420 6422
6420 6423
6420 6424
6420 6425
6420 6426
6420 6427
6420 6428
6420 6429
6430 6440
6430 6431
6430 6432
6430 6433
6430 6434
6430 6435
6430 6436
6430 6437
6430 6438
6430 6439
6440 6450
6440 6441
6440 6442
6440 6443
6440 6444
6440 6445
6440 6446
6440 6447
6440 6448
6440 6449
6450 6460
6450 6451
6450 6452
6450 6453
6450 6454
6450 6455
6450 6456
6450 6457
6450 6458
6450 6459
6460 6470
6460 6461
6460 6462
6460 6463
6460 6464
6460 6465
6460 6466
6460 6467
6460 6468
6460 6469
6470 6480
6470 6471
6470 6472
6470 6473
6470 6474
6470 6475
6470 6476
6470 6477
6470 6478
6470 6479
6480 6490
6480 6481
6480 6482
6480 6483
6480 6484
6480 6485
6480 6486
6480 6487
6480 6488
6480 6489
6490 6500
6490 6491
6490 6492
6490 6493
6490 6494
6490 6495
6490 6496
6490 6497
6490 6498
6490 6499
6500 6510
6500 6501
6500 6502
6500 6503
6500 6504
6500 6505
6500 6506
6500 6507
6500 6508
6500 6509
6510 6520
6510 6511
6510 6512
6510 6513
6510 6514
6510 6515
6510 6516
6510 6517
6510 6518
6510 6519
6520 6530
6520 6521
6520 6522
6520 6523
6520 6524
6520 6525
6520 6526
6520 6527
6520 6528
6520 6529
6530 6540
6530 6531
6530 6532
6530 6533
6530 6534
6530 6535
6530 6536
6530 6537
6530 6538
6530 6539
6540 6550
6540 6541
6540 6542
6540 6543
6540 6544
6540 6545
6540 6546
6540 6547
6540 6548
6540 6549
6550 6560
6550 6551
6550 6552
6550 6553
6550 6554
6550 6555
6550 6556
6550 6557
6550 6558
6550 6559
6560 6570
6560 6561
6560 6562
6560 6563
6560 6564
6560 6565
6560 6566
6560 6567
6560 6568
6560 6569
6570 6580
6570 6571
6570 6572
6570 6573
6570 6574
6570 6575
6570 6576
6570 6577
6570 6578
6570 6579
6580 6590
6580 6581
6580 6582
6580 6583
6580 6584
6580 6585
6580 6586
6580 6587
6580 6588
6580 6589
6590 6600
6590 6591
6590 6592
6590 6593
6590 6594
6590 6595
6590 6596
6590 6597
6590 6598
6590 6599
6600 6610
6600 6601
6600 6602
6600 6603
6600 6604
6600 6605
6600 6606
6600 6607
6600 6608
6600 6609
6610 6620
6610 6611
6610 6612
6610 6613
6610 6614
6610 6615
6610 6616
6610 6617
6610 6618
6610 6619
6620 6630
6620 6621
6620 6622
6620 6623
6620 6624
6620 6625
6620 6626
6620 6627
6620 6628
6620 6629
6630 6640
6630 6631
6630 6632
6630 6633
6630 6634
6630 6635
6630 6636
6630 6637
6630 6638
6630 6639
6640 6650
6640 6641
6640 6642
6640 6643
6640 6644
6640 6645
6640 6646
6640 6647
6640 6648
6640 6649
6650 6660
6650 6651
6650 6652
6650 6653
6650 6654
6650 6655
6650 6656
6650 6657
6650 6658
6650 6659
6660 6670
6660 6661
6660 6662
6660 6663
6660 6664
6660 6665
6660 6666
6660 6667
6660 6668
6660 6669
6670 6680
6670 6671
6670 6672
6670 6673
6670 6674
6670 6675
6670 6676
6670 6677
6670 6678
6670 6679
6680 6690
6680 6681
6680 6682
6680 6683
6680 6684
6680 6685
6680 6686
6680 6687
6680 6688
6680 6689
6690 6700
6690 6691
6690 6692
6690 6693
6690 6694
6690 6695
6690 6696
6690 6697
6690 6698
6690 6699
6700 6710
6700 6701
6700 6702
6700 6703
6700 6704
6700 6705
6700 6706
6700 6707
6700 6708
6700 6709
6710 6720
6710 6711
6710 6712
6710 6713
6710 6714
6710 6715
6710 6716
6710 6717
6710 6718
6710 6719
6720 6730
6720 6721
6720 6722
6720 6723
6720 6724
6720 6725
6720 6726
6720 6727
6720 6728
6720 6729
6730 6740
6730 6731
6730 6732
6730 6733
6730 6734
6730 6735
6730 6736
6730 6737
6730 6738
6730 6739
6740 6750
6740 6741
6740 6742
6740 6743
6740 6744
6740 6745
6740 6746
6740 6747
6740 6748
6740 6749
6750 6760
6750 6751
6750 6752
6750 6753
6750 6754
6750 6755
6750 6756
6750 6757
6750 6758
6750 6759
6760 6770
6760 6761
6760 6762
6760 6763
6760 6764
6760 6765
6760 6766
6760 6767
6760 6768
6760 6769
6770 6780
6770 6771
6770 6772
6770 6773
6770 6774
6770 6775
6770 6776
6770 6777
6770 6778
6770 6779
6780 6790
6780 6781
6780 6782
6780 6783
6780 6784
6780 6785
6780 6786
6780 6787
6780 6788
6780 6789
6790 6800
6790 6791
6790 6792
6790 6793
6790 6794
6790 6795
6790 6796
6790 6797
6790 6798
6790 6799
6800 6810
6800 6801
6800 6802
6800 6803
6800 6804
6800 6805
6800 6806
6800 6807
6800 6808
6800 6809
6810 6820
6810 6811
6810 6812
6810 6813
6810 6814
6810 6815
6810 6816
6810 6817
6810 6818
6810 6819
6820 6830
6820 6821
6820 6822
6820 6823
6820 6824
6820 6825
6820 6826
6820 6827
6820 6828
6820 6829
6830 6840
6830 6831
6830 6832
6830 6833
6830 6834
6830 6835
6830 6836
6830 6837
6830 6838
6830 6839
6840 6850
6840 6841
6840 6842
6840 6843
6840 6844
6840 6845
6840 6846
6840 6847
6840 6848
6840 6849
6850 6860
6850 6851
6850 6852
6850 6853
6850 6854
6850 6855
6850 6856
6850 6857
6850 6858
6850 6859
6860 6870
6860 6861
6860 6862
6860 6863
6860 6864
6860 6865
6860 6866
6860 6867
6860 6868
6860 6869
6870 6880
6870 6871
6870 6872
6870 6873
6870 6874
6870 6875
6870 6876
6870 6877
6870 6878
6870 6879
6880 6890
6880 6881
6880 6882
6880 6883
6880 6884
6880 6885
6880 6886
6880 6887
6880 6888
6880 6889
6890 6900
6890 6891
6890 6892
6890 6893
6890 6894
6890 6895
6890 6896
6890 6897
6890 6898
6890 6899
6900 6910
6900 6901
6900 6902
6900 6903
6900 6904
6900 6905
6900 6906
6900 6907
6900 6908
6900 6909
6910 6920
6910 6911
6910 6912
6910 6913
6910 6914
6910 6915
6910 6916
6910 6917
6910 6918
6910 6919
6920 6930
6920 6921
6920 6922
6920 6923
6920 6924
6920 6925
6920 6926
6920 6927
6920 6928
6920 6929
6930 6940
6930 6931
6930 6932
6930 6933
6930 6934
6930 6935
6930 6936
6930 6937
6930 6938
6930 6939
6940 6950
6940 6941
6940 6942
6940 6943
6940 6944
6940 6945
6940 6946
6940 6947
6940 6948
6940 6949
6950 6960
6950 6951
6950 6952
6950 6953
6950 6954
6950 6955
6950 6956
6950 6957
6950 6958
6950 6959
6960 6970
6960 6961
6960 6962
6960 6963
6960 6964
6960 6965
6960 6966
6960 6967
6960 6968
6960 6969
6970 6980
6970 6971
6970 6972
6970 6973
6970 6974
6970 6975
6970 6976
6970 6977
6970 6978
6970 6979
6980 6990
6980 6981
6980 6982
6980 6983
6980 6984
6980 6985
6980 6986
6980 6987
6980 6988
6980 6989
6990 7000
6990 6991
6990 6992
6990 6993
6990 6994
6990 6995
6990 6996
6990 6997
6990 6998
6990 6999
7000 7010
7000 7001
7000 7002
7000 7003
7000 7004
7000 7005
7000 7006
7000 7007
7000 7008
7000 7009
7010 7020
7010 7011
7010 7012
7010 7013
7010 7014
7010 7015
7010 7016
7010 7017
7010 7018
7010 7019
7020 7030
7020 7021
7020 7022
7020 7023
7020 7024
7020 7025
7020 7026
7020 7027
7020 7028
7020 7029
7030 7040
7030 7031
7030 7032
7030 7033
7030 7034
7030 7035
7030 7036
7030 7037
7030 7038
7030 7039
7040 7050
7040 7041
7040 7042
7040 7043
7040 7044
7040 7045
7040 7046
7040 7047
7040 7048
7040 7049
7050 7060
7050 7051
7050 7052
7050 7053
7050 7054
7050 7055
7050 7056
7050 7057
7050 7058
7050 7059
7060 7070
7060 7061
7060 7062
7060 7063
7060 7064
7060 7065
7060 7066
7060 7067
7060 7068
7060 7069
7070 7080
7070 7071
7070 7072
7070 7073
7070 7074
7070 7075
7070 7076
7070 7077
7070 7078
7070 7079
7080 7090
7080 7081
7080 7082
7080 7083
7080 7084
7080 7085
7080 7086
7080 7087
7080 7088
7080 7089
7090 7100
7090 7091
7090 7092
7090 7093
7090 7094
7090 7095
7090 7096
7090 7097
7090 7098
7090 7099
7100 7110
7100 7101
7100 7102
7100 7103
7100 7104
7100 7105
7100 7106
7100 7107
7100 7108
7100 7109
7110 7120
7110 7111
7110 7112
7110 7113
7110 7114
7110 7115
7110 7116
7110 7117
7110 7118
7110 7119
7120 7130
7120 7121
7120 7122
7120 7123
7120 7124
7120 7125
7120 7126
7120 7127
7120 7128
7120 7129
7130 7140
7130 7131
7130 7132
7130 7133
7130 7134
7130 7135
7130 7136
7130 7137
7130 7138
7130 7139
7140 7150
7140 7141
7140 7142
7140 7143
7140 7144
7140 7145
7140 7146
7140 7147
7140 7148
7140 7149
7150 7160
7150 7151
7150 7152
7150 7153
7150 7154
7150 7155
7150 7156
7150 7157
7150 7158
7150 7159
7160 7170
7160 7161
7160 7162
7160 7163
7160 7164
7160 7165
7160 7166
7160 7167
7160 7168
7160 7169
7170 7180
7170 7171
7170 7172
7170 7173
7170 7174
7170 7175
7170 7176
7170 7177
7170 7178
7170 7179
7180 7190
7180 7181
7180 7182
7180 7183
7180 7184
7180 7185
7180 7186
7180 7187
7180 7188
7180 7189
7190 7200
7190 7191
7190 7192
7190 7193
7190 7194
7190 7195
7190 7196
7190 7197
7190 7198
7190 7199
7200 7210
7200 7201
7200 7202
7200 7203
7200 7204
7200 7205
7200 7206
7200 7207
7200 7208
7200 7209
7210 7220
7210 7211
7210 7212
7210 7213
7210 7214
7210 7215
7210 7216
7210 7217
7210 7218
7210 7219
7220 7230
7220 7221
7220 7222
7220 7223
7220 7224
7220 7225
7220 7226
7220 7227
7220 7228
7220 7229
7230 7240
7230 7231
7230 7232
7230 7233
7230 7234
7230 7235
7230 7236
7230 7237
7230 7238
7230 7239
7240 7250
7240 7241
7240 7242
7240 7243
7240 7244
7240 7245
7240 7246
7240 7247
7240 7248
7240 7249
7250 7260
7250 7251
7250 7252
7250 7253
7250 7254
7250 7255
7250 7256
7250 7257
7250 7258
7250 7259
7260 7270
7260 7261
7260 7262
7260 7263
7260 7264
7260 7265
7260 7266
7260 7267
7260 7268
7260 7269
7270 7280
7270 7271
7270 7272
7270 7273
7270 7274
7270 7275
7270 7276
7270 7277
7270 7278
7270 7279
7280 7290
7280 7281
7280 7282
7280 7283
7280 7284
7280 7285
7280 7286
7280 7287
7280 7288
7280 7289
7290 7300
7290 7291
7290 7292
7290 7293
7290 7294
7290 7295
7290 7296
7290 7297
7290 7298
7290 7299
7300 7310
7300 7301
7300 7302
7300 7303
7300 7304
7300 7305
7300 7306
7300 7307
7300 7308
7300 7309
7310 7320
7310 7311
7310 7312
7310 7313
7310 7314
7310 7315
7310 7316
7310 7317
7310 7318
7310 7319
7320 7330
7320 7321
7320 7322
7320 7323
7320 7324
7320 7325
7320 7326
7320 7327
7320 7328
7320 7329
7330 7340
7330 7331
7330 7332
7330 7333
7330 7334
7330 7335
7330 7336
7330 7337
7330 7338
7330 7339
7340 7350
7340 7341
7340 7342
7340 7343
7340 7344
7340 7345
7340 7346
7340 7347
7340 7348
7340 7349
7350 7360
7350 7351
7350 7352
7350 7353
7350 7354
7350 7355
7350 7356
7350 7357
7350 7358
7350 7359
7360 7370
7360 7361
7360 7362
7360 7363
7360 7364
7360 7365
7360 7366
7360 7367
7360 7368
7360 7369
7370 7380
7370 7371
7370 7372
7370 7373
7370 7374
7370 7375
7370 7376
7370 7377
7370 7378
7370 7379
7380 7390
7380 7381
7380 7382
7380 7383
7380 7384
7380 7385
7380 7386
7380 7387
7380 7388
7380 7389
7390 7400
7390 7391
7390 7392
7390 7393
7390 7394
7390 7395
7390 7396
7390 7397
7390 7398
7390 7399
7400 7410
7400 7401
7400 7402
7400 7403
7400 7404
7400 7405
7400 7406
7400 7407
7400 7408
7400 7409
7410 7420
7410 7411
7410 7412
7410 7413
7410 7414
7410 7415
7410 7416
7410 7417
7410 7418
7410 7419
7420 7430
7420 7421
7420 7422
7420 7423
7420 7424
7420 7425
7420 7426
7420 7427
7420 7428
7420 7429
7430 7440
7430 7431
7430 7432
7430 7433
7430 7434
7430 7435
7430 7436
7430 7437
7430 7438
7430 7439
7440 7450
7440 7441
7440 7442
7440 7443
7440 7444
7440 7445
7440 7446
7440 7447
7440 7448
7440 7449
7450 7460
7450 7451
7450 7452
7450 7453
7450 7454
7450 7455
7450 7456
7450 7457
7450 7458
7450 7459
7460 7470
7460 7461
7460 7462
7460 7463
7460 7464
7460 7465
7460 7466
7460 7467
7460 7468
7460 7469
7470 7480
7470 7471
7470 7472
7470 7473
7470 7474
7470 7475
7470 7476
7470 7477
7470 7478
7470 7479
7480 7490
7480 7481
7480 7482
7480 7483
7480 7484
7480 7485
7480 7486
7480 7487
7480 7488
7480 7489
7490 7500
7490 7491
7490 7492
7490 7493
7490 7494
7490 7495
7490 7496
7490 7497
7490 7498
7490 7499
7500 7510
7500 7501
7500 7502
7500 7503
7500 7504
7500 7505
7500 7506
7500 7507
7500 7508
7500 7509
7510 7520
7510 7511
7510 7512
7510 7513
7510 7514
7510 7515
7510 7516
7510 7517
7510 7518
7510 7519
7520 7530
7520 7521
7520 7522
7520 7523
7520 7524
7520 7525
7520 7526
7520 7527
7520 7528
7520 7529
7530 7540
7530 7531
7530 7532
7530 7533
7530 7534
7530 7535
7530 7536
7530 7537
7530 7538
7530 7539
7540 7550
7540 7541
7540 7542
7540 7543
7540 7544
7540 7545
7540 7546
7540 7547
7540 7548
7540 7549
7550 7560
7550 7551
7550 7552
7550 7553
7550 7554
7550 7555
7550 7556
7550 7557
7550 7558
7550 7559
7560 7570
7560 7561
7560 7562
7560 7563
7560 7564
7560 7565
7560 7566
7560 7567
7560 7568
7560 7569
7570 7580
7570 7571
7570 7572
7570 7573
7570 7574
7570 7575
7570 7576
7570 7577
7570 7578
7570 7579
7580 7590
7580 7581
7580 7582
7580 7583
7580 7584
7580 7585
7580 7586
7580 7587
7580 7588
7580 7589
7590 7600
7590 7591
7590 7592
7590 7593
7590 7594
7590 7595
7590 7596
7590 7597
7590 7598
7590 7599
7600 7610
7600 7601
7600 7602
7600 7603
7600 7604
7600 7605
7600 7606
7600 7607
7600 7608
7600 7609
7610 7620
7610 7611
7610 7612
7610 7613
7610 7614
7610 7615
7610 7616
7610 7617
7610 7618
7610 7619
7620 7630
7620 7621
7620 7622
7620 7623
7620 7624
7620 7625
7620 7626
7620 7627
7620 7628
7620 7629
7630 7640
7630 7631
7630 7632
7630 7633
7630 7634
7630 7635
7630 7636
7630 7637
7630 7638
7630 7639
7640 7650
7640 7641
7640 7642
7640 7643
7640 7644
7640 7645
7640 7646
7640 7647
7640 7648
7640 7649
7650 7660
7650 7651
7650 7652
7650 7653
7650 7654
7650 7655
7650 7656
7650 7657
7650 7658
7650 7659
7660 7670
7660 7661
7660 7662
7660 7663
7660 7664
7660 7665
7660 7666
7660 7667
7660 7668
7660 7669
7670 7680
7670 7671
7670 7672
7670 7673
7670 7674
7670 7675
7670 7676
7670 7677
7670 7678
7670 7679
7680 7690
7680 7681
7680 7682
7680 7683
7680 7684
7680 7685
7680 7686
7680 7687
7680 7688
7680 7689
7690 7700
7690 7691
7690 7692
7690 7693
7690 7694
7690 7695
7690 7696
7690 7697
7690 7698
7690 7699
7700 7710
7700 7701
7700 7702
7700 7703
7700 7704
7700 7705
7700 7706
7700 7707
7700 7708
7700 7709
7710 7720
7710 7711
7710 7712
7710 7713
7710 7714
7710 7715
7710 7716
7710 7717
7710 7718
7710 7719
7720 7730
7720 7721
7720 7722
7720 7723
7720 7724
7720 7725
7720 7726
7720 7727
7720 7728
7720 7729
7730 7740
7730 7731
7730 7732
7730 7733
7730 7734
7730 7735
7730 7736
7730 7737
7730 7738
7730 7739
7740 7750
7740 7741
7740 7742
7740 7743
7740 7744
7740 7745
7740 7746
7740 7747
7740 7748
7740 7749
7750 7760
7750 7751
7750 7752
7750 7753
7750 7754
7750 7755
7750 7756
7750 7757
7750 7758
7750 7759
7760 7770
7760 7761
7760 7762
7760 7763
7760 7764
7760 7765
7760 7766
7760 7767
7760 7768
7760 7769
7770 7780
7770 7771
7770 7772
7770 7773
7770 7774
7770 7775
7770 7776
7770 7777
7770 7778
7770 7779
7780 7790
7780 7781
7780 7782
7780 7783
7780 7784
7780 7785
7780 7786
7780 7787
7780 7788
7780 7789
7790 7800
7790 7791
7790 7792
7790 7793
7790 7794
7790 7795
7790 7796
7790 7797
7790 7798
7790 7799
7800 7810
7800 7801
7800 7802
7800 7803
7800 7804
7800 7805
7800 7806
7800 7807
7800 7808
7800 7809
7810 7820
7810 7811
7810 7812
7810 7813
7810 7814
7810 7815
7810 7816
7810 7817
7810 7818
7810 7819
7820 7830
7820 7821
7820 7822
7820 7823
7820 7824
7820 7825
7820 7826
7820 7827
7820 7828
7820 7829
7830 7840
7830 7831
7830 7832
7830 7833
7830 7834
7830 7835
7830 7836
7830 7837
7830 7838
7830 7839
7840 7850
7840 7841
7840 7842
7840 7843
7840 7844
7840 7845
7840 7846
7840 7847
7840 7848
7840 7849
7850 7860
7850 7851
7850 7852
7850 7853
7850 7854
7850 7855
7850 7856
7850 7857
7850 7858
7850 7859
7860 7870
7860 7861
7860 7862
7860 7863
7860 7864
7860 7865
7860 7866
7860 7867
7860 7868
7860 7869
7870 7880
7870 7871
7870 7872
7870 7873
7870 7874
7870 7875
7870 7876
7870 7877
7870 7878
7870 7879
7880 7890
7880 7881
7880 7882
7880 7883
7880 7884
7880 7885
7880 7886
7880 7887
7880 7888
7880 7889
7890 7900
7890 7891
7890 7892
7890 7893
7890 7894
7890 7895
7890 7896
7890 7897
7890 7898
7890 7899
7900 7910
7900 7901
7900 7902
7900 7903
7900 7904
7900 7905
7900 7906
7900 7907
7900 7908
7900 7909
7910 7920
7910 7911
7910 7912
7910 7913
7910 7914
7910 7915
7910 7916
7910 7917
7910 7918
7910 7919
7920 7930
7920 7921
7920 7922
7920 7923
7920 7924
7920 7925
7920 7926
7920 7927
7920 7928
7920 7929
7930 7940
7930 7931
7930 7932
7930 7933
7930 7934
7930 7935
7930 7936
7930 7937
7930 7938
7930 7939
7940 7950
7940 7941
7940 7942
7940 7943
7940 7944
7940 7945
7940 7946
7940 7947
7940 7948
7940 7949
7950 7960
7950 7951
7950 7952
7950 7953
7950 7954
7950 7955
7950 7956
7950 7957
7950 7958
7950 7959
7960 7970
7960 7961
7960 7962
7960 7963
7960 7964
7960 7965
7960 7966
7960 7967
7960 7968
7960 7969
7970 7980
7970 7971
7970 7972
7970 7973
7970 7974
7970 7975
7970 7976
7970 7977
7970 7978
7970 7979
7980 7990
7980 7981
7980 7982
7980 7983
7980 7984
7980 7985
7980 7986
7980 7987
7980 7988
7980 7989
7990 8000
7990 7991
7990 7992
7990 7993
7990 7994
7990 7995
7990 7996
7990 7997
7990 7998
7990 7999
8000 8010
8000 8001
8000 8002
8000 8003
8000 8004
8000 8005
8000 8006
8000 8007
8000 8008
8000 8009
8010 8020
8010 8011
8010 8012
8010 8013
8010 8014
8010 8015
8010 8016
8010 8017
8010 8018
8010 8019
8020 8030
8020 8021
8020 8022
8020 8023
8020 8024
8020 8025
8020 8026
8020 8027
8020 8028
8020 8029
8030 8040
8030 8031
8030 8032
8030 8033
8030 8034
8030 8035
8030 8036
8030 8037
8030 8038
8030 8039
8040 8050
8040 8041
8040 8042
8040 8043
8040 8044
8040 8045
8040 8046
8040 8047
8040 8048
8040 8049
8050 8060
8050 8051
8050 8052
8050 8053
8050 8054
8050 8055
8050 8056
8050 8057
8050 8058
8050 8059
8060 8070
8060 8061
8060 8062
8060 8063
8060 8064
8060 8065
8060 8066
8060 8067
8060 8068
8060 8069
8070 8080
8070 8071
8070 8072
8070 8073
8070 8074
8070 8075
8070 8076
8070 8077
8070 8078
8070 8079
8080 8090
8080 8081
8080 8082
8080 8083
8080 8084
8080 8085
8080 8086
8080 8087
8080 8088
8080 8089
8090 8100
8090 8091
8090 8092
8090 8093
8090 8094
8090 8095
8090 8096
8090 8097
8090 8098
8090 8099
8100 8110
8100 8101
8100 8102
8100 8103
8100 8104
8100 8105
8100 8106
8100 8107
8100 8108
8100 8109
8110 8120
8110 8111
8110 8112
8110 8113
8110 8114
8110 8115
8110 8116
8110 8117
8110 8118
8110 8119
8120 8130
8120 8121
8120 8122
8120 8123
8120 8124
8120 8125
8120 8126
8120 8127
8120 8128
8120 8129
8130 8140
8130 8131
8130 8132
8130 8133
8130 8134
8130 8135
8130 8136
8130 8137
8130 8138
8130 8139
8140 8150
8140 8141
8140 8142
8140 8143
8140 8144
8140 8145
8140 8146
8140 8147
8140 8148
8140 8149
8150 8160
8150 8151
8150 8152
8150 8153
8150 8154
8150 8155
8150 8156
8150 8157
8150 8158
8150 8159
8160 8170
8160 8161
8160 8162
8160 8163
8160 8164
8160 8165
8160 8166
8160 8167
8160 8168
8160 8169
8170 8180
8170 8171
8170 8172
8170 8173
8170 8174
8170 8175
8170 8176
8170 8177
8170 8178
8170 8179
8180 8190
8180 8181
8180 8182
8180 8183
8180 8184
8180 8185
8180 8186
8180 8187
8180 8188
8180 8189
8190 8200
8190 8191
8190 8192
8190 8193
8190 8194
8190 8195
8190 8196
8190 8197
8190 8198
8190 8199
8200 8210
8200 8201
8200 8202
8200 8203
8200 8204
8200 8205
8200 8206
8200 8207
8200 8208
8200 8209
8210 8220
8210 8211
8210 8212
8210 8213
8210 8214
8210 8215
8210 8216
8210 8217
8210 8218
8210 8219
8220 8230
8220 8221
8220 8222
8220 8223
8220 8224
8220 8225
8220 8226
8220 8227
8220 8228
8220 8229
8230 8240
8230 8231
8230 8232
8230 8233
8230 8234
8230 8235
8230 8236
8230 8237
8230 8238
8230 8239
8240 8250
8240 8241
8240 8242
8240 8243
8240 8244
8240 8245
8240 8246
8240 8247
8240 8248
8240 8249
8250 8260
8250 8251
8250 8252
8250 8253
8250 8254
8250 8255
8250 8256
8250 8257
8250 8258
8250 8259
8260 8270
8260 8261
8260 8262
8260 8263
8260 8264
8260 8265
8260 8266
8260 8267
8260 8268
8260 8269
8270 8280
8270 8271
8270 8272
8270 8273
8270 8274
8270 8275
8270 8276
8270 8277
8270 8278
8270 8279
8280 8290
8280 8281
8280 8282
8280 8283
8280 8284
8280 8285
8280 8286
8280 8287
8280 8288
8280 8289
8290 8300
8290 8291
8290 8292
8290 8293
8290 8294
8290 8295
8290 8296
8290 8297
8290 8298
8290 8299
8300 8310
8300 8301
8300 8302
8300 8303
8300 8304
8300 8305
8300 8306
8300 8307
8300 8308
8300 8309
8310 8320
8310 8311
8310 8312
8310 8313
8310 8314
8310 8315
8310 8316
8310 8317
8310 8318
8310 8319
8320 8330
8320 8321
8320 8322
8320 8323
8320 8324
8320 8325
8320 8326
8320 8327
8320 8328
8320 8329
8330 8340
8330 8331
8330 8332
8330 8333
8330 8334
8330 8335
8330 8336
8330 8337
8330 8338
8330 8339
8340 8350
8340 8341
8340 8342
8340 8343
8340 8344
8340 8345
8340 8346
8340 8347
8340 8348
8340 8349
8350 8360
8350 8351
8350 8352
8350 8353
8350 8354
8350 8355
8350 8356
8350 8357
8350 8358
8350 8359
8360 8370
8360 8361
8360 8362
8360 8363
8360 8364
8360 8365
8360 8366
8360 8367
8360 8368
8360 8369
8370 8380
8370 8371
8370 8372
8370 8373
8370 8374
8370 8375
8370 8376
8370 8377
8370 8378
8370 8379
8380 8390
8380 8381
8380 8382
8380 8383
8380 8384
8380 8385
8380 8386
8380 8387
8380 8388
8380 8389
8390 8400
8390 8391
8390 8392
8390 8393
8390 8394
8390 8395
8390 8396
8390 8397
8390 8398
8390 8399
8400 8410
8400 8401
8400 8402
8400 8403
8400 8404
8400 8405
8400 8406
8400 8407
8400 8408
8400 8409
8410 8420
8410 8411
8410 8412
8410 8413
8410 8414
8410 8415
8410 8416
8410 8417
8410 8418
8410 8419
8420 8430
8420 8421
8420 8422
8420 8423
8420 8424
8420 8425
8420 8426
8420 8427
8420 8428
8420 8429
8430 8440
8430 8431
8430 8432
8430 8433
8430 8434
8430 8435
8430 8436
8430 8437
8430 8438
8430 8439
8440 8450
8440 8441
8440 8442
8440 8443
8440 8444
8440 8445
8440 8446
8440 8447
8440 8448
8440 8449
8450 8460
8450 8451
8450 8452
8450 8453
8450 8454
8450 8455
8450 8456
8450 8457
8450 8458
8450 8459
8460 8470
8460 8461
8460 8462
8460 8463
8460 8464
8460 8465
8460 8466
8460 8467
8460 8468
8460 8469
8470 8480
8470 8471
8470 8472
8470 8473
8470 8474
8470 8475
8470 8476
8470 8477
8470 8478
8470 8479
8480 8490
8480 8481
8480 8482
8480 8483
8480 8484
8480 8485
8480 8486
8480 8487
8480 8488
8480 8489
8490 8500
8490 8491
8490 8492
8490 8493
8490 8494
8490 8495
8490 8496
8490 8497
8490 8498
8490 8499
8500 8510
8500 8501
8500 8502
8500 8503
8500 8504
8500 8505
8500 8506
8500 8507
8500 8508
8500 8509
8510 8520
8510 8511
8510 8512
8510 8513
8510 8514
8510 8515
8510 8516
8510 8517
8510 8518
8510 8519
8520 8530
8520 8521
8520 8522
8520 8523
8520 8524
8520 8525
8520 8526
8520 8527
8520 8528
8520 8529
8530 8540
8530 8531
8530 8532
8530 8533
8530 8534
8530 8535
8530 8536
8530 8537
8530 8538
8530 8539
8540 8550
8540 8541
8540 8542
8540 8543
8540 8544
8540 8545
8540 8546
8540 8547
8540 8548
8540 8549
8550 8560
8550 8551
8550 8552
8550 8553
8550 8554
8550 8555
8550 8556
8550 8557
8550 8558
8550 8559
8560 8570
8560 8561
8560 8562
8560 8563
8560 8564
8560 8565
8560 8566
8560 8567
8560 8568
8560 8569
8570 8580
8570 8571
8570 8572
8570 8573
8570 8574
8570 8575
8570 8576
8570 8577
8570 8578
8570 8579
8580 8590
8580 8581
8580 8582
8580 8583
8580 8584
8580 8585
8580 8586
8580 8587
8580 8588
8580 8589
8590 8600
8590 8591
8590 8592
8590 8593
8590 8594
8590 8595
8590 8596
8590 8597
8590 8598
8590 8599
8600 8610
8600 8601
8600 8602
8600 8603
8600 8604
8600 8605
8600 8606
8600 8607
8600 8608
8600 8609
8610 8620
8610 8611
8610 8612
8610 8613
8610 8614
8610 8615
8610 8616
8610 8617
8610 8618
8610 8619
8620 8630
8620 8621
8620 8622
8620 8623
8620 8624
8620 8625
8620 8626
8620 8627
8620 8628
8620 8629
8630 8640
8630 8631
8630 8632
8630 8633
8630 8634
8630 8635
8630 8636
8630 8637
8630 8638
8630 8639
8640 8650
8640 8641
8640 8642
8640 8643
8640 8644
8640 8645
8640 8646
8640 8647
8640 8648
8640 8649
8650 8660
8650 8651
8650 8652
8650 8653
8650 8654
8650 8655
8650 8656
8650 8657
8650 8658
8650 8659
8660 8670
8660 8661
8660 8662
8660 8663
8660 8664
8660 8665
8660 8666
8660 8667
8660 8668
8660 8669
8670 8680
8670 8671
8670 8672
8670 8673
8670 8674
8670 8675
8670 8676
8670 8677
8670 8678
8670 8679
8680 8690
8680 8681
8680 8682
8680 8683
8680 8684
8680 8685
8680 8686
8680 8687
8680 8688
8680 8689
8690 8700
8690 8691
8690 8692
8690 8693
8690 8694
8690 8695
8690 8696
8690 8697
8690 8698
8690 8699
8700 8710
8700 8701
8700 8702
8700 8703
8700 8704
8700 8705
8700 8706
8700 8707
8700 8708
8700 8709
8710 8720
8710 8711
8710 8712
8710 8713
8710 8714
8710 8715
8710 8716
8710 8717
8710 8718
8710 8719
8720 8730
8720 8721
8720 8722
8720 8723
8720 8724
8720 8725
8720 8726
8720 8727
8720 8728
8720 8729
8730 8740
8730 8731
8730 8732
8730 8733
8730 8734
8730 8735
8730 8736
8730 8737
8730 8738
8730 8739
8740 8750
8740 8741
8740 8742
8740 8743
8740 8744
8740 8745
8740 8746
8740 8747
8740 8748
8740 8749
8750 8760
8750 8751
8750 8752
8750 8753
8750 8754
8750 8755
8750 8756
8750 8757
8750 8758
8750 8759
8760 8770
8760 8761
8760 8762
8760 8763
8760 8764
8760 8765
8760 8766
8760 8767
8760 8768
8760 8769
8770 8780
8770 8771
8770 8772
8770 8773
8770 8774
8770 8775
8770 8776
8770 8777
8770 8778
8770 8779
8780 8790
8780 8781
8780 8782
8780 8783
8780 8784
8780 8785
8780 8786
8780 8787
8780 8788
8780 8789
8790 8800
8790 8791
8790 8792
8790 8793
8790 8794
8790 8795
8790 8796
8790 8797
8790 8798
8790 8799
8800 8810
8800 8801
8800 8802
8800 8803
8800 8804
8800 8805
8800 8806
8800 8807
8800 8808
8800 8809
8810 8820
8810 8811
8810 8812
8810 8813
8810 8814
8810 8815
8810 8816
8810 8817
8810 8818
8810 8819
8820 8830
8820 8821
8820 8822
8820 8823
8820 8824
8820 8825
8820 8826
8820 8827
8820 8828
8820 8829
8830 8840
8830 8831
8830 8832
8830 8833
8830 8834
8830 8835
8830 8836
8830 8837
8830 8838
8830 8839
8840 8850
8840 8841
8840 8842
8840 8843
8840 8844
8840 8845
8840 8846
8840 8847
8840 8848
8840 8849
8850 8860
8850 8851
8850 8852
8850 8853
8850 8854
8850 8855
8850 8856
8850 8857
8850 8858
8850 8859
8860 8870
8860 8861
8860 8862
8860 8863
8860 8864
8860 8865
8860 8866
8860 8867
8860 8868
8860 8869
8870 8880
8870 8871
8870 8872
8870 8873
8870 8874
8870 8875
8870 8876
8870 8877
8870 8878
8870 8879
8880 8890
8880 8881
8880 8882
8880 8883
8880 8884
8880 8885
8880 8886
8880 8887
8880 8888
8880 8889
8890 8900
8890 8891
8890 8892
8890 8893
8890 8894
8890 8895
8890 8896
8890 8897
8890 8898
8890 8899
8900 8910
8900 8901
8900 8902
8900 8903
8900 8904
8900 8905
8900 8906
8900 8907
8900 8908
8900 8909
8910 8920
8910 8911
8910 8912
8910 8913
8910 8914
8910 8915
8910 8916
8910 8917
8910 8918
8910 8919
8920 8930
8920 8921
8920 8922
8920 8923
8920 8924
8920 8925
8920 8926
8920 8927
8920 8928
8920 8929
8930 8940
8930 8931
8930 8932
8930 8933
8930 8934
8930 8935
8930 8936
8930 8937
8930 8938
8930 8939
8940 8950
8940 8941
8940 8942
8940 8943
8940 8944
8940 8945
8940 8946
8940 8947
8940 8948
8940 8949
8950 8960
8950 8951
8950 8952
8950 8953
8950 8954
8950 8955
8950 8956
8950 8957
8950 8958
8950 8959
8960 8970
8960 8961
8960 8962
8960 8963
8960 8964
8960 8965
8960 8966
8960 8967
8960 8968
8960 8969
8970 8980
8970 8971
8970 8972
8970 8973
8970 8974
8970 8975
8970 8976
8970 8977
8970 8978
8970 8979
8980 8990
8980 8981
8980 8982
8980 8983
8980 8984
8980 8985
8980 8986
8980 8987
8980 8988
8980 8989
8990 9000
8990 8991
8990 8992
8990 8993
8990 8994
8990 8995
8990 8996
8990 8997
8990 8998
8990 8999
9000 9010
9000 9001
9000 9002
9000 9003
9000 9004
9000 9005
9000 9006
9000 9007
9000 9008
9000 9009
9010 9020
9010 9011
9010 9012
9010 9013
9010 9014
9010 9015
9010 9016
9010 9017
9010 9018
9010 9019
9020 9030
9020 9021
9020 9022
9020 9023
9020 9024
9020 9025
9020 9026
9020 9027
9020 9028
9020 9029
9030 9040
9030 9031
9030 9032
9030 9033
9030 9034
9030 9035
9030 9036
9030 9037
9030 9038
9030 9039
9040 9050
9040 9041
9040 9042
9040 9043
9040 9044
9040 9045
9040 9046
9040 9047
9040 9048
9040 9049
9050 9060
9050 9051
9050 9052
9050 9053
9050 9054
9050 9055
9050 9056
9050 9057
9050 9058
9050 9059
9060 9070
9060 9061
9060 9062
9060 9063
9060 9064
9060 9065
9060 9066
9060 9067
9060 9068
9060 9069
9070 9080
9070 9071
9070 9072
9070 9073
9070 9074
9070 9075
9070 9076
9070 9077
9070 9078
9070 9079
9080 9090
9080 9081
9080 9082
9080 9083
9080 9084
9080 9085
9080 9086
9080 9087
9080 9088
9080 9089
9090 9100
9090 9091
9090 9092
9090 9093
9090 9094
9090 9095
9090 9096
9090 9097
9090 9098
9090 9099
9100 9110
9100 9101
9100 9102
9100 9103
9100 9104
9100 9105
9100 9106
9100 9107
9100 9108
9100 9109
9110 9120
9110 9111
9110 9112
9110 9113
9110 9114
9110 9115
9110 9116
9110 9117
9110 9118
9110 9119
9120 9130
9120 9121
9120 9122
9120 9123
9120 9124
9120 9125
9120 9126
9120 9127
9120 9128
9120 9129
9130 9140
9130 9131
9130 9132
9130 9133
9130 9134
9130 9135
9130 9136
9130 9137
9130 9138
9130 9139
9140 9150
9140 9141
9140 9142
9140 9143
9140 9144
9140 9145
9140 9146
9140 9147
9140 9148
9140 9149
9150 9160
9150 9151
9150 9152
9150 9153
9150 9154
9150 9155
9150 9156
9150 9157
9150 9158
9150 9159
9160 9170
9160 9161
9160 9162
9160 9163
9160 9164
9160 9165
9160 9166
9160 9167
9160 9168
9160 9169
9170 9180
9170 9171
9170 9172
9170 9173
9170 9174
9170 9175
9170 9176
9170 9177
9170 9178
9170 9179
9180 9190
9180 9181
9180 9182
9180 9183
9180 9184
9180 9185
9180 9186
9180 9187
9180 9188
9180 9189
9190 9200
9190 9191
9190 9192
9190 9193
9190 9194
9190 9195
9190 9196
9190 9197
9190 9198
9190 9199
9200 9210
9200 9201
9200 9202
9200 9203
9200 9204
9200 9205
9200 9206
9200 9207
9200 9208
9200 9209
9210 9220
9210 9211
9210 9212
9210 9213
9210 9214
9210 9215
9210 9216
9210 9217
9210 9218
9210 9219
9220 9230
9220 9221
9220 9222
9220 9223
9220 9224
9220 9225
9220 9226
9220 9227
9220 9228
9220 9229
9230 9240
9230 9231
9230 9232
9230 9233
9230 9234
9230 9235
9230 9236
9230 9237
9230 9238
9230 9239
9240 9250
9240 9241
9240 9242
9240 9243
9240 9244
9240 9245
9240 9246
9240 9247
9240 9248
9240 9249
9250 9260
9250 9251
9250 9252
9250 9253
9250 9254
9250 9255
9250 9256
9250 9257
9250 9258
9250 9259
9260 9270
9260 9261
9260 9262
9260 9263
9260 9264
9260 9265
9260 9266
9260 9267
9260 9268
9260 9269
9270 9280
9270 9271
9270 9272
9270 9273
9270 9274
9270 9275
9270 9276
9270 9277
9270 9278
9270 9279
9280 9290
9280 9281
9280 9282
9280 9283
9280 9284
9280 9285
9280 9286
9280 9287
9280 9288
9280 9289
9290 9300
9290 9291
9290 9292
9290 9293
9290 9294
9290 9295
9290 9296
9290 9297
9290 9298
9290 9299
9300 9310
9300 9301
9300 9302
9300 9303
9300 9304
9300 9305
9300 9306
9300 9307
9300 9308
9300 9309
9310 9320
9310 9311
9310 9312
9310 9313
9310 9314
9310 9315
9310 9316
9310 9317
9310 9318
9310 9319
9320 9330
9320 9321
9320 9322
9320 9323
9320 9324
9320 9325
9320 9326
9320 9327
9320 9328
9320 9329
9330 9340
9330 9331
9330 9332
9330 9333
9330 9334
9330 9335
9330 9336
9330 9337
9330 9338
9330 9339
9340 9350
9340 9341
9340 9342
9340 9343
9340 9344
9340 9345
9340 9346
9340 9347
9340 9348
9340 9349
9350 9360
9350 9351
9350 9352
9350 9353
9350 9354
9350 9355
9350 9356
9350 9357
9350 9358
9350 9359
9360 9370
9360 9361
9360 9362
9360 9363
9360 9364
9360 9365
9360 9366
9360 9367
9360 9368
9360 9369
9370 9380
9370 9371
9370 9372
9370 9373
9370 9374
9370 9375
9370 9376
9370 9377
9370 9378
9370 9379
9380 9390
9380 9381
9380 9382
9380 9383
9380 9384
9380 9385
9380 9386
9380 9387
9380 9388
9380 9389
9390 9400
9390 9391
9390 9392
9390 9393
9390 9394
9390 9395
9390 9396
9390 9397
9390 9398
9390 9399
9400 9410
9400 9401
9400 9402
9400 9403
9400 9404
9400 9405
9400 9406
9400 9407
9400 9408
9400 9409
9410 9420
9410 9411
9410 9412
9410 9413
9410 9414
9410 9415
9410 9416
9410 9417
9410 9418
9410 9419
9420 9430
9420 9421
9420 9422
9420 9423
9420 9424
9420 9425
9420 9426
9420 9427
9420 9428
9420 9429
9430 9440
9430 9431
9430 9432
9430 9433
9430 9434
9430 9435
9430 9436
9430 9437
9430 9438
9430 9439
9440 9450
9440 9441
9440 9442
9440 9443
9440 9444
9440 9445
9440 9446
9440 9447
9440 9448
9440 9449
9450 9460
9450 9451
9450 9452
9450 9453
9450 9454
9450 9455
9450 9456
9450 9457
9450 9458
9450 9459
9460 9470
9460 9461
9460 9462
9460 9463
9460 9464
9460 9465
9460 9466
9460 9467
9460 9468
9460 9469
9470 9480
9470 9471
9470 9472
9470 9473
9470 9474
9470 9475
9470 9476
9470 9477
9470 9478
9470 9479
9480 9490
9480 9481
9480 9482
9480 9483
9480 9484
9480 9485
9480 9486
9480 9487
9480 9488
9480 9489
9490 9500
9490 9491
9490 9492
9490 9493
9490 9494
9490 9495
9490 9496
9490 9497
9490 9498
9490 9499
9500 9510
9500 9501
9500 9502
9500 9503
9500 9504
9500 9505
9500 9506
9500 9507
9500 9508
9500 9509
9510 9520
9510 9511
9510 9512
9510 9513
9510 9514
9510 9515
9510 9516
9510 9517
9510 9518
9510 9519
9520 9530
9520 9521
9520 9522
9520 9523
9520 9524
9520 9525
9520 9526
9520 9527
9520 9528
9520 9529
9530 9540
9530 9531
9530 9532
9530 9533
9530 9534
9530 9535
9530 9536
9530 9537
9530 9538
9530 9539
9540 9550
9540 9541
9540 9542
9540 9543
9540 9544
9540 9545
9540 9546
9540 9547
9540 9548
9540 9549
9550 9560
9550 9551
9550 9552
9550 9553
9550 9554
9550 9555
9550 9556
9550 9557
9550 9558
9550 9559
9560 9570
9560 9561
9560 9562
9560 9563
9560 9564
9560 9565
9560 9566
9560 9567
9560 9568
9560 9569
9570 9580
9570 9571
9570 9572
9570 9573
9570 9574
9570 9575
9570 9576
9570 9577
9570 9578
9570 9579
9580 9590
9580 9581
9580 9582
9580 9583
9580 9584
9580 9585
9580 9586
9580 9587
9580 9588
9580 9589
9590 9600
9590 9591
9590 9592
9590 9593
9590 9594
9590 9595
9590 9596
9590 9597
9590 9598
9590 9599
9600 9610
9600 9601
9600 9602
9600 9603
9600 9604
9600 9605
9600 9606
9600 9607
9600 9608
9600 9609
9610 9620
9610 9611
9610 9612
9610 9613
9610 9614
9610 9615
9610 9616
9610 9617
9610 9618
9610 9619
9620 9630
9620 9621
9620 9622
9620 9623
9620 9624
9620 9625
9620 9626
9620 9627
9620 9628
9620 9629
9630 9640
9630 9631
9630 9632
9630 9633
9630 9634
9630 9635
9630 9636
9630 9637
9630 9638
9630 9639
9640 9650
9640 9641
9640 9642
9640 9643
9640 9644
9640 9645
9640 9646
9640 9647
9640 9648
9640 9649
9650 9660
9650 9651
9650 9652
9650 9653
9650 9654
9650 9655
9650 9656
9650 9657
9650 9658
9650 9659
9660 9670
9660 9661
9660 9662
9660 9663
9660 9664
9660 9665
9660 9666
9660 9667
9660 9668
9660 9669
9670 9680
9670 9671
9670 9672
9670 9673
9670 9674
9670 9675
9670 9676
9670 9677
9670 9678
9670 9679
9680 9690
9680 9681
9680 9682
9680 9683
9680 9684
9680 9685
9680 9686
9680 9687
9680 9688
9680 9689
9690 9700
9690 9691
9690 9692
9690 9693
9690 9694
9690 9695
9690 9696
9690 9697
9690 9698
9690 9699
9700 9710
9700 9701
9700 9702
9700 9703
9700 9704
9700 9705
9700 9706
9700 9707
9700 9708
9700 9709
9710 9720
9710 9711
9710 9712
9710 9713
9710 9714
9710 9715
9710 9716
9710 9717
9710 9718
9710 9719
9720 9730
9720 9721
9720 9722
9720 9723
9720 9724
9720 9725
9720 9726
9720 9727
9720 9728
9720 9729
9730 9740
9730 9731
9730 9732
9730 9733
9730 9734
9730 9735
9730 9736
9730 9737
9730 9738
9730 9739
9740 9750
9740 9741
9740 9742
9740 9743
9740 9744
9740 9745
9740 9746
9740 9747
9740 9748
9740 9749
9750 9760
9750 9751
9750 9752
9750 9753
9750 9754
9750 9755
9750 9756
9750 9757
9750 9758
9750 9759
9760 9770
9760 9761
9760 9762
9760 9763
9760 9764
9760 9765
9760 9766
9760 9767
9760 9768
9760 9769
9770 9780
9770 9771
9770 9772
9770 9773
9770 9774
9770 9775
9770 9776
9770 9777
9770 9778
9770 9779
9780 9790
9780 9781
9780 9782
9780 9783
9780 9784
9780 9785
9780 9786
9780 9787
9780 9788
9780 9789
9790 9800
9790 9791
9790 9792
9790 9793
9790 9794
9790 9795
9790 9796
9790 9797
9790 9798
9790 9799
9800 9810
9800 9801
9800 9802
9800 9803
9800 9804
9800 9805
9800 9806
9800 9807
9800 9808
9800 9809
9810 9820
9810 9811
9810 9812
9810 9813
9810 9814
9810 9815
9810 9816
9810 9817
9810 9818
9810 9819
9820 9830
9820 9821
9820 9822
9820 9823
9820 9824
9820 9825
9820 9826
9820 9827
9820 9828
9820 9829
9830 9840
9830 9831
9830 9832
9830 9833
9830 9834
9830 9835
9830 9836
9830 9837
9830 9838
9830 9839
9840 9850
9840 9841
9840 9842
9840 9843
9840 9844
9840 9845
9840 9846
9840 9847
9840 9848
9840 9849
9850 9860
9850 9851
9850 9852
9850 9853
9850 9854
9850 9855
9850 9856
9850 9857
9850 9858
9850 9859
9860 9870
9860 9861
9860 9862
9860 9863
9860 9864
9860 9865
9860 9866
9860 9867
9860 9868
9860 9869
9870 9880
9870 9871
9870 9872
9870 9873
9870 9874
9870 9875
9870 9876
9870 9877
9870 9878
9870 9879
9880 9890
9880 9881
9880 9882
9880 9883
9880 9884
9880 9885
9880 9886
9880 9887
9880 9888
9880 9889
9890 9900
9890 9891
9890 9892
9890 9893
9890 9894
9890 9895
9890 9896
9890 9897
9890 9898
9890 9899
9900 9910
9900 9901
9900 9902
9900 9903
9900 9904
9900 9905
9900 9906
9900 9907
9900 9908
9900 9909
9910 9920
9910 9911
9910 9912
9910 9913
9910 9914
9910 9915
9910 9916
9910 9917
9910 9918
9910 9919
9920 9930
9920 9921
9920 9922
9920 9923
9920 9924
9920 9925
9920 9926
9920 9927
9920 9928
9920 9929
9930 9940
9930 9931
9930 9932
9930 9933
9930 9934
9930 9935
9930 9936
9930 9937
9930 9938
9930 9939
9940 9950
9940 9941
9940 9942
9940 9943
9940 9944
9940 9945
9940 9946
9940 9947
9940 9948
9940 9949
9950 9960
9950 9951
9950 9952
9950 9953
9950 9954
9950 9955
9950 9956
9950 9957
9950 9958
9950 9959
9960 9970
9960 9961
9960 9962
9960 9963
9960 9964
9960 9965
9960 9966
9960 9967
9960 9968
9960 9969
9970 9980
9970 9971
9970 9972
9970 9973
9970 9974
9970 9975
9970 9976
9970 9977
9970 9978
9970 9979
9980 9990
9980 9981
9980 9982
9980 9983
9980 9984
9980 9985
9980 9986
9980 9987
9980 9988
9980 9989
9990 0
9990 9991
9990 9992
9990 9993
9990 9994
9990 9995
9990 9996
9990 9997
9990 9998
9990 9999
